biases01362716.635248 1371362.466713 1431056.008784 1327565.153456 1357667.285724 1518454.435839 1441635.569558 1455991.945248 1437549.067019 1436005.767245
/weights00.114090 -0.131760 0.198461 -0.028037 0.069974 0.453199 0.392493 -0.497334 0.424538 -0.134475
-0.225080 -0.216535 -0.070043 0.045612 -0.019956 -0.122751 0.006554 0.482546 0.026989 0.122224
-0.049288 0.377543 0.182741 -0.449129 -0.280833 0.489397 -0.086527 -0.278320 0.110183 -0.479586
-0.177900 0.458135 -0.125576 0.485071 0.479206 0.419173 0.184428 -0.313432 -0.047819 0.341317
0.043828 -0.288605 0.335496 0.105585 -0.064026 0.463520 0.275731 -0.318423 0.173059 -0.396713
-0.222189 0.460075 -0.437120 0.430632 -0.352005 -0.455931 -0.157340 0.073845 0.018372 -0.351530
-0.005866 0.387606 -0.004360 -0.138067 0.173389 0.191595 0.349753 0.441913 -0.370619 -0.312137
0.357586 0.390493 -0.017823 -0.049912 0.441702 -0.218896 0.473694 0.220150 -0.411191 0.391053
0.416675 0.281862 -0.117516 -0.087663 -0.085038 0.441313 -0.449784 -0.003743 0.123029 -0.308007
0.071166 0.312578 -0.004256 -0.318086 -0.349909 -0.346970 0.385084 -0.063693 -0.317915 -0.405175
0.109036 0.205785 0.128869 -0.450877 0.106833 -0.245022 0.288184 -0.071796 -0.008748 -0.067382
0.412062 0.458870 -0.276718 0.452471 0.364525 0.272320 -0.289107 -0.351282 0.080414 -0.246706
0.139438 -0.372867 -0.374981 -0.126626 0.359500 -0.468727 -0.050802 -0.313668 -0.451374 -0.419636
0.048220 0.362088 0.477813 0.365480 -0.084266 0.199511 -0.296771 0.129357 -0.281404 0.024145
-0.253172 0.444660 0.092049 -0.063763 -0.053184 -0.118527 -0.197698 0.221090 -0.466189 -0.125173
-0.342172 -0.251924 -0.184496 0.348617 0.017464 0.214065 0.324200 -0.457000 0.024820 -0.182633
-0.433269 -0.495463 0.047737 0.041841 0.244143 -0.379038 0.133925 0.031540 0.355598 -0.191536
0.022368 -0.154020 0.041734 0.082430 0.170185 0.272144 0.063957 -0.135619 -0.358548 -0.414173
-0.402755 -0.356489 -0.094323 0.054712 -0.179365 -0.342707 -0.056248 0.439524 0.308993 0.172821
0.186428 0.406212 -0.321796 -0.349372 0.192867 0.323846 -0.033571 -0.307005 0.128187 -0.247907
0.487397 -0.161967 0.432801 -0.125545 0.309208 0.110563 0.231810 -0.019921 0.036889 0.212978
0.213755 -0.212362 -0.340707 0.328208 -0.424485 0.425941 -0.142884 0.244729 0.389084 0.283151
-0.090193 0.392540 -0.430906 -0.358497 0.461392 -0.013545 -0.170255 -0.377265 0.276267 0.468399
0.244899 -0.240621 0.188733 0.249319 0.318195 0.354740 -0.163786 0.017781 -0.120366 -0.066657
0.442189 0.366101 -0.491803 0.157148 0.170570 0.447588 -0.070124 -0.409823 0.388105 -0.139825
0.142077 -0.281620 0.293471 0.010262 0.092470 -0.100616 -0.464879 -0.111751 0.197985 -0.125378
0.439168 0.031735 0.281788 0.065055 -0.106474 0.390050 0.355184 0.144743 -0.355654 0.078820
0.113935 -0.008028 0.314620 -0.375283 -0.017452 -0.412576 -0.375214 0.439958 0.162682 0.293923
-0.286355 -0.089441 -0.110195 0.072897 -0.155580 -0.451250 -0.253789 -0.449541 -0.454211 -0.062053
-0.479426 -0.129933 -0.003740 -0.178176 -0.373411 -0.407274 0.327988 -0.106750 0.386898 -0.472854
-0.414793 0.304484 0.041889 -0.180819 0.150886 0.346626 -0.363325 0.151920 0.370578 -0.497932
-0.015730 -0.216372 -0.360710 -0.264664 -0.176848 0.396575 0.182343 0.168355 -0.486983 0.360195
-0.440000 0.054003 -0.324995 0.171153 0.019168 0.475146 -0.223666 0.045359 0.422192 0.443440
-0.215275 0.320965 0.284729 0.268732 -0.281161 -0.368675 0.414899 0.049078 -0.016849 -0.326898
-0.465376 0.357873 0.325628 0.109988 -0.110576 -0.111316 0.205212 -0.094110 -0.366742 -0.247208
41.288804 41.799770 43.619840 39.971568 41.134156 46.124461 43.534565 44.852477 44.308971 44.176798
358.722818 360.659158 378.620305 348.411972 357.262103 404.436660 382.250530 385.894629 381.085942 379.897568
535.348798 539.177792 565.844381 519.782111 533.420644 605.415841 570.307249 577.452634 568.683388 567.994633
877.676166 883.949698 929.034548 852.229712 874.293529 993.406506 936.552402 947.396778 933.612404 932.589766
1346.902085 1356.208915 1418.168362 1310.340933 1341.530953 1509.618601 1428.925424 1444.504440 1425.102369 1423.588031
2172.985874 2186.990006 2277.313779 2119.727124 2165.291038 2410.886211 2294.102756 2315.362053 2287.179152 2285.288908
1971.908203 1983.366092 2066.186322 1923.790490 1964.716628 2186.533700 2080.258417 2099.697804 2075.063056 2072.591164
1162.918990 1169.808334 1220.323869 1132.936711 1158.265179 1294.431912 1229.722363 1241.916099 1226.126774 1224.883216
931.909133 937.466862 978.371703 907.989601 928.205792 1037.267453 984.795813 994.902090 982.287594 981.143144
2054.639144 2066.153100 2150.866492 2004.510342 2047.336277 2274.242596 2165.840508 2186.047755 2159.990702 2158.212019
2033.852159 2047.313773 2132.716768 1983.865948 2027.492486 2259.233740 2147.916165 2169.283720 2142.218170 2139.769503
883.477124 889.301621 930.752595 859.597419 879.652290 990.985399 937.320202 948.043181 935.142221 933.647579
808.105615 813.854135 849.199511 787.287560 805.636907 901.287827 855.440962 863.832293 852.708876 852.496930
370.058864 371.954062 388.778266 360.144479 368.057598 412.554719 391.099636 395.350404 389.958513 389.990502
51.186808 52.020927 54.774547 49.277804 51.238296 59.822364 55.189253 56.479596 55.478274 55.339264
20.831716 20.927663 22.751095 20.102802 20.499645 24.205528 22.675253 22.929091 22.648731 22.957832
-0.343529 -0.176015 0.235634 -0.139877 -0.325962 -0.353699 -0.048850 0.215820 -0.275647 0.423460
0.431629 -0.090956 0.215776 0.341167 0.221520 -0.248643 0.487277 0.097806 -0.117611 -0.089285
-0.324461 -0.255405 0.297713 0.329693 0.047620 -0.124523 0.088203 0.116583 0.160892 -0.043925
0.248160 -0.268213 0.227904 0.162141 0.101056 -0.443586 0.045687 0.110109 -0.052894 -0.299150
-0.194439 0.426696 -0.133105 -0.358838 0.178911 -0.373573 0.131166 -0.254095 0.439601 0.322799
-0.373309 0.489743 -0.280239 0.490011 -0.017052 0.496210 0.435492 -0.250343 -0.092443 0.128306
0.080970 0.214724 0.333902 0.410844 -0.106853 -0.242285 0.248993 0.498020 -0.395965 -0.267209
0.165605 -0.346186 -0.002430 -0.397598 -0.294060 0.336698 -0.302378 -0.071630 -0.398686 0.280410
24.131492 24.149189 24.934840 23.829554 24.147190 27.140595 25.250519 25.543286 24.911448 25.718538
41.158976 40.923658 43.016834 40.509919 40.484595 45.306054 43.681580 43.669592 42.919123 43.418441
7.855924 8.207962 8.009719 7.676551 7.905800 8.525795 8.733279 8.204572 8.680851 8.663057
239.466479 240.590005 251.407412 232.918435 238.413513 266.934434 253.191852 256.097644 252.953227 252.712248
760.010792 765.986841 801.389432 739.107043 757.606445 853.090705 807.672555 815.705397 804.733043 804.187185
948.985119 955.687794 1002.217862 921.987725 944.818796 1070.772699 1010.389057 1021.498143 1007.274298 1005.789115
2392.344514 2408.580902 2521.003849 2326.768632 2383.539839 2684.767355 2540.863955 2567.745309 2532.877056 2530.386476
4528.758465 4558.660342 4767.700196 4405.612108 4510.423339 5074.236823 4804.789939 4855.499697 4790.471074 4785.222406
7357.269810 7404.961752 7734.155497 7164.143063 7329.408538 8216.556427 7792.995431 7871.924151 7770.540863 7761.371063
8779.847673 8836.959198 9226.952899 8549.310014 8746.650654 9800.068735 9296.190609 9390.971730 9270.071641 9259.362837
12706.735038 12787.201526 13347.434481 12377.227311 12659.245404 14167.526925 13446.893384 13581.203437 13408.710483 13394.553576
20937.239165 21069.017682 21972.793823 20404.815621 20860.696134 23296.085431 22133.160387 22350.037932 22070.700072 22047.144475
27260.538242 27428.945611 28593.082066 26575.328328 27162.681721 30297.280095 28799.564166 29079.883992 28720.367221 28689.315987
28660.798683 28839.092676 30064.713549 27939.825693 28557.802475 31858.533410 30281.344191 30575.862902 30197.839206 30165.492567
23329.298886 23474.523620 24476.448141 22738.276755 23244.159298 25944.389467 24654.042564 24895.634270 24585.619358 24559.700622
19570.293932 19691.778620 20524.747480 19079.467365 19500.266094 21746.363575 20673.493993 20873.249467 20616.185972 20594.380466
13859.922233 13945.004266 14537.298935 13510.693850 13809.286275 15404.084937 14642.705759 14784.368872 14601.418695 14586.182577
8632.239939 8684.681019 9051.462545 8416.663589 8601.375776 9586.552082 9116.020640 9203.881213 9090.618612 9080.839072
5848.926729 5884.233331 6131.672348 5702.858973 5827.193294 6492.536896 6174.652290 6234.680548 6158.169729 6151.659013
2861.136834 2878.759678 3001.207991 2789.208072 2850.769298 3179.608614 3022.013168 3052.255447 3013.622173 3011.295422
136.151541 137.009741 144.702436 131.851128 134.970672 154.809996 145.604389 146.860852 145.156114 144.855405
0.301226 0.511763 0.485139 0.961948 0.240734 1.194255 0.352674 0.363814 1.038421 0.384830
0.211506 -0.070613 0.322151 0.462915 0.631604 0.671946 -0.128380 0.102007 0.590809 0.648164
-0.031619 -0.187453 0.019018 0.364043 -0.437687 -0.152343 0.315984 0.092601 0.382845 0.368295
-0.173699 0.217503 0.029276 -0.480641 -0.107555 -0.162835 0.010575 0.011171 -0.006422 0.344577
-0.305241 0.382425 -0.451495 0.403367 -0.228225 -0.262987 0.304350 -0.200555 0.417603 -0.427792
0.417610 -0.253751 0.142472 -0.233295 -0.013495 0.029175 -0.398194 0.162397 0.030431 0.409226
78.264350 78.838349 81.323106 75.875063 78.064714 85.706311 81.925159 82.630098 81.707437 81.328760
222.513997 223.262373 232.648004 217.336600 221.913985 244.818617 234.351686 235.615566 233.526351 232.840645
377.086933 379.418839 393.741409 368.242259 375.950979 415.641100 396.581404 400.664594 395.849531 395.379076
275.546215 276.893586 288.786584 268.559992 274.033076 306.385603 290.339058 293.796969 290.080225 289.268363
588.033203 590.817104 617.591963 571.960472 585.680534 654.591410 621.634874 627.653990 619.634044 619.266844
1542.138096 1553.221632 1626.464045 1498.653244 1535.410776 1735.163809 1640.357375 1657.570630 1634.712712 1633.410108
3466.842489 3491.556140 3659.142829 3368.155796 3453.312574 3904.086515 3688.860563 3728.523089 3676.657901 3672.722490
9017.770065 9077.658726 9491.613986 8773.463998 8982.464509 10098.412002 9565.324115 9665.021614 9537.363797 9526.257948
15656.944102 15761.113540 16475.277048 15236.539553 15596.778960 17520.640548 16601.747016 16772.650257 16552.752413 16533.889105
25989.743962 26158.823013 27325.263114 25303.393068 25891.318554 29033.282327 27531.666126 27812.453656 27452.200979 27421.868456
37680.173913 37922.560211 39594.786944 36695.647304 37538.429052 42043.784736 39891.435119 40293.030596 39776.349126 39733.581674
51832.546088 52163.467061 54444.778729 50488.257512 51639.244009 57786.166004 54849.828283 55397.925844 54692.691135 54634.329997
69102.610997 69539.927858 72560.624713 67323.809145 68846.827900 76982.432671 73095.318997 73821.869203 72889.005237 72810.783680
83136.102037 83659.075460 87266.602727 81010.843628 82831.029004 92550.202865 87906.624864 88774.601145 87659.268065 87565.994588
81989.141760 82504.384923 86059.758768 79895.776428 81688.462034 91264.745692 86690.033835 87545.167672 86446.258824 86354.557290
69887.337165 70327.204756 73363.442576 68099.594742 69630.190513 77808.809553 73901.155165 74631.350805 73692.979215 73615.318200
54245.611229 54586.327305 56940.375471 52859.460939 54046.621239 60386.193894 57357.421844 57923.491517 57196.395094 57135.310471
41343.132701 41600.831873 43383.486295 40293.684205 41192.033650 45993.572989 43699.053849 44128.515195 43577.529489 43531.245800
27031.239783 27199.898077 28362.081610 26346.716593 26932.841329 30063.887402 28568.274181 28847.937130 28488.850814 28458.252393
15600.658447 15698.405713 16370.878786 15203.981547 15543.096388 17357.524476 16490.532396 16652.265459 16444.163058 16427.630090
6687.489080 6728.678846 7015.975046 6517.530217 6662.495736 7436.906471 7067.385899 7135.990785 7047.794871 7039.690546
1061.803899 1068.771167 1116.687837 1033.100583 1057.400425 1187.450280 1125.657296 1136.730214 1121.963742 1120.649400
71.297422 71.580764 76.258651 68.059275 70.222422 82.111369 76.275430 77.541721 76.692475 76.678283
8.964425 9.021063 9.423931 9.342037 9.147001 11.226489 9.661368 10.434265 9.652405 9.731960
0.279976 -0.314883 -0.355471 0.430323 0.427511 -0.376261 0.230273 -0.166686 -0.131938 0.241698
0.430310 0.052030 0.387750 -0.134580 0.269788 0.352793 0.478743 0.489903 -0.439441 -0.041301
0.364553 0.034836 0.404247 0.163321 -0.294417 0.071296 -0.436206 0.080518 -0.084478 -0.457883
0.014811 0.406331 0.242855 0.323766 -0.309329 -0.368371 0.309738 -0.109388 0.164551 -0.045438
281.208021 282.896432 293.421492 274.934355 280.200889 310.593378 296.092707 298.470411 295.206853 294.679493
247.052074 247.824380 258.798028 240.199120 246.031542 275.147356 261.122595 263.552612 260.721258 259.582321
272.902240 274.501420 288.394321 264.883954 271.798505 308.075612 289.886962 293.146809 289.793552 289.005870
1267.887513 1276.342592 1334.923217 1233.374105 1262.949066 1421.922373 1345.572663 1360.009624 1341.835471 1339.767908
3404.288399 3426.753853 3582.145415 3312.372194 3390.958260 3809.594241 3609.646435 3646.454847 3598.529429 3594.789132
8789.799568 8848.439062 9251.395927 8551.968793 8755.301303 9842.602987 9323.311800 9420.469828 9295.033087 9285.537028
18031.199399 18150.525911 18978.728747 17543.788483 17961.169103 20191.003271 19125.710793 19325.219740 19068.942075 19047.349530
34240.672925 34465.582356 36017.108110 33327.643694 34109.316417 38288.861236 36292.390959 36665.358365 36185.596990 36146.343881
56544.635545 56912.968739 59456.656583 55047.030955 56329.826413 63181.585279 59908.154226 60519.783603 59734.292998 59668.270767
90034.892225 90617.297132 94640.417865 87664.950788 89694.386649 100531.583141 95353.717274 96321.241966 95078.855062 94974.184249
132080.441626 132929.593238 138789.811600 128628.927695 131584.820889 147371.265971 139828.853705 141238.114904 139427.401265 139276.546181
182041.406126 183205.470718 191240.326783 177310.205891 181362.614001 203004.359960 192664.428315 194597.095459 192114.741859 191906.958579
229728.044089 231187.943356 241264.505560 223795.093155 228875.888987 256017.811322 243050.454597 245474.052618 242360.046376 242099.478826
249725.755913 251307.986885 262235.284046 243290.570790 248801.565352 278234.997959 264172.634407 266800.745290 263424.411915 263141.852842
246775.909195 248334.119284 259090.077809 240442.845863 245866.515342 274838.357675 260996.580682 263583.208463 260259.687172 259981.997074
227771.937324 229199.726067 239059.690482 221965.612484 226937.419353 253495.981284 240807.076079 243178.554891 240132.608143 239877.380632
187431.649868 188601.663784 196682.718052 182672.607645 186747.926827 208514.119836 198114.947711 200058.694418 197562.178432 197352.349154
143233.784077 144125.790694 150283.410735 139607.565259 142712.851596 159299.401617 151374.658162 152855.988044 150953.137701 150793.783362
96478.570292 97075.270883 101197.835729 94050.978679 96129.736233 107232.552614 101928.353497 102919.751116 101646.041230 101539.138251
59522.604780 59890.574548 62432.257519 58025.335914 59306.939167 66153.582785 62882.194566 63494.063987 62709.100898 62643.006721
34793.012722 35005.069103 36470.761448 33929.789855 34668.830550 38617.542371 36730.590284 37083.759515 36630.912320 36592.814587
16631.914365 16732.391934 17428.403418 16221.272381 16572.741040 18448.622739 17552.270597 17719.656341 17504.644908 17486.604433
5699.970873 5735.435819 5977.622168 5556.865205 5679.450188 6332.980796 6020.758663 6079.425930 6004.321030 5997.681655
452.288969 455.171632 477.808245 438.984528 450.388330 511.079326 481.657283 487.011796 480.528705 479.700336
3.765529 4.359624 4.348996 3.713737 3.688321 5.577569 5.124177 4.590819 4.771108 4.131616
0.339046 0.437879 -0.461199 -0.360895 0.390009 -0.044826 -0.489297 -0.044259 -0.077396 0.438359
0.215298 0.142801 -0.340757 0.356706 0.020517 0.332726 -0.487025 -0.168344 0.245745 -0.283224
0.055625 0.248445 -0.309720 0.379468 0.064356 0.119673 -0.404686 -0.311704 0.101136 0.066959
93.808202 94.525233 99.137926 91.553492 93.917712 105.375115 99.963564 100.239067 99.406638 99.006765
470.433234 473.589500 494.432368 457.904291 468.331579 524.474288 498.062598 502.616197 496.918232 495.632581
1025.494322 1032.493033 1082.699140 995.872400 1021.591852 1156.078423 1092.062273 1103.262168 1088.145770 1086.715359
4314.290218 4343.431108 4544.969786 4195.855908 4298.048708 4839.769085 4580.714595 4629.096178 4567.134192 4561.938207
12151.345387 12231.481083 12786.023005 11824.708466 12103.964060 13597.898915 12884.161348 13017.931137 12846.633367 12832.651040
29160.707163 29351.267014 30665.757142 28386.909463 29049.795386 32589.416963 30898.157485 31214.700186 30808.473283 30774.630103
56367.669367 56734.632129 59264.867488 54877.469840 56153.910314 62970.011690 59713.672287 60321.705068 59540.387365 59474.939768
95010.025028 95625.847071 99883.973556 92502.752720 94649.854669 106118.082969 100639.131147 101662.849234 100347.258149 100237.516807
146620.972139 147565.402593 154088.840002 142779.406193 146069.066647 163640.229427 155245.424479 156814.689853 154798.902084 154630.067379
215758.165036 217143.877604 226707.959698 210125.838136 214949.174131 240711.926336 228403.738894 230703.610585 227748.865846 227501.699159
293994.333648 295881.226659 308905.965146 286324.185834 292892.472419 327976.385531 311214.466324 314347.893581 310323.516446 309985.830535
375183.796760 377584.152278 394153.680824 365425.967116 373782.087821 418415.480729 397091.121551 401076.046095 395956.590134 395528.143241
447803.232569 450653.051140 470333.442597 436214.312870 446138.210582 499147.746127 473821.891591 478554.667379 472474.510246 471965.698828
492661.697208 495780.624500 517317.639409 479979.067496 490839.758881 548850.259123 521134.303711 526314.249769 519660.099764 519103.303617
494994.143000 498117.979046 519685.101990 482294.061095 493170.042202 551262.533767 523507.829716 528694.578787 522031.099657 521473.390809
468812.828035 471753.680665 492061.930644 456853.571714 467094.634718 521794.178177 495661.186606 500545.319293 494270.682747 493745.656783
408683.094394 411230.898678 428816.402193 398327.867646 407195.747484 454564.437590 431933.206232 436163.239258 430729.587897 430274.993628
325671.079485 327687.130461 341612.218918 317470.508350 324493.171144 361999.231023 344079.931920 347428.900446 343127.268450 342766.621449
231394.104278 232821.170915 242674.771905 225591.658212 230560.027320 257101.104050 244420.514870 246791.141092 243746.555149 243491.483863
152149.836942 153086.079284 159553.676376 148340.503040 151602.512609 169023.821033 160700.572825 162256.007234 160257.197566 160090.181788
94486.440204 95065.823411 99058.905919 92135.168783 94148.998210 104906.213507 99766.425070 100727.716727 99493.487442 99390.505496
49731.634143 50037.573964 52147.391915 48488.852377 49553.083277 55236.928981 52521.449987 53028.624267 52376.627156 52322.550532
17888.631911 18002.115692 18781.460950 17430.151147 17822.686226 19922.839136 18919.639857 19106.949008 18866.502444 18846.498090
4169.895056 4196.716690 4381.587199 4061.203859 4154.638015 4652.304025 4414.555705 4459.259324 4401.999050 4396.549312
759.082913 763.565315 796.762186 739.122626 756.372890 845.667483 803.136563 811.426164 800.469218 799.597517
2.331525 2.092267 1.884240 2.244204 1.720857 2.459974 2.302133 1.860780 2.511691 2.121391
-0.272278 0.168004 -0.282469 -0.098476 -0.249917 -0.327908 0.035165 0.222994 0.257758 0.160791
-0.415427 -0.125745 -0.173090 0.486521 0.337562 0.171598 0.496661 -0.351802 -0.439360 -0.079898
127.722780 128.190551 133.882844 124.187985 126.913030 141.196940 134.419652 135.561891 134.044359 134.430831
982.575424 989.658422 1033.071283 957.000086 979.106857 1097.080973 1040.324833 1051.023993 1037.600351 1036.327678
4584.416611 4613.111027 4813.884290 4465.738452 4566.769086 5109.041513 4850.114177 4897.854564 4836.459315 4830.544192
12912.167853 12996.347078 13575.734536 12571.157736 12863.336105 14423.687710 13678.885791 13817.748483 13638.466305 13624.251581
30510.737326 30708.646411 32078.816405 29703.760026 30395.181343 34083.929944 32320.949923 32651.093455 32227.598455 32192.097985
61683.969369 62084.598285 64852.315513 60053.823383 61449.909530 68905.297315 65343.362442 66009.025072 65154.288311 65082.200023
106271.760738 106959.457716 111713.053381 103472.550623 105869.788676 118672.587750 112555.564877 113698.616890 112230.045126 112107.575480
169570.620979 170669.233454 178258.470872 165100.904822 168928.458524 189370.638959 179603.975381 181429.390319 179083.952399 178888.106577
258205.259344 259865.899682 271332.740636 251453.173610 257235.052475 288121.243755 273364.362287 276122.646148 272579.786924 272283.338549
355210.222684 357487.358746 373208.553653 345952.541913 353880.596569 396226.089224 375994.760010 379775.712334 374918.599246 374512.591922
453683.942644 456585.967955 476616.543104 441888.076221 451989.664081 505946.186634 480167.649014 484985.523623 478796.234039 478278.114429
548365.302174 551862.310244 576004.464482 534148.912391 546323.881845 611351.487300 580283.043019 586090.008087 578630.323001 578006.622364
619457.347230 623397.837754 650607.317111 603433.981188 617155.557374 690444.394671 655429.815181 661973.497286 653567.058106 652863.820414
657194.823270 661363.194345 690139.714933 640249.122347 654761.164474 732271.826472 695240.119749 702160.430294 693269.424721 692525.340294
660500.372126 664678.989952 693526.891618 643512.887808 658060.111388 735764.392212 698639.898357 705578.181496 696665.516445 695919.597751
628902.760364 632864.487109 660218.876446 612794.632840 626589.288301 700269.413340 665067.729300 671646.887635 663194.391827 662487.320029
563756.574406 567288.653325 591680.074984 549393.153912 561693.078297 627391.929700 596003.406335 601869.195799 594333.264952 593702.979700
464006.576335 466897.180909 486854.046274 452254.015673 462318.132342 516072.364586 490390.385783 495190.441145 489024.307909 488508.357400
350625.051194 352796.225174 367787.332326 341797.545755 349356.609658 389735.071911 370443.821858 374049.349066 369418.017154 369029.899051
231725.301006 233160.538834 243065.471439 225892.850523 230887.390865 257568.471608 244820.748077 247203.856053 244143.304281 243886.747248
140707.950145 141578.093431 147584.060896 137172.015687 140200.387214 156377.059940 148648.526523 150093.099801 148236.964585 148081.891023
79332.187902 79821.819450 83204.385065 77340.883810 79045.830305 88157.007482 83804.167782 84617.956328 83572.462663 83484.889797
35383.737447 35603.610486 37117.208675 34492.973142 35255.877422 39332.365644 37385.300777 37748.654742 37281.391427 37242.040300
12297.276563 12373.116527 12893.453643 11990.576402 12252.861923 13655.827054 12985.857744 13111.134224 12950.353829 12937.191436
2772.154650 2789.856624 2907.328345 2703.078530 2762.427857 3079.286698 2927.877637 2956.234189 2919.979981 2916.981940
10.481890 10.773728 11.428816 10.426093 10.280659 12.150992 11.667962 11.692848 11.385399 11.419347
0.295040 0.038030 -0.098131 -0.044967 0.165215 0.125963 0.330004 0.499055 0.324504 -0.090849
5.156083 4.963314 5.518967 4.475911 4.566363 5.958850 6.061281 5.741435 5.397859 5.193641
770.922038 776.300579 809.084994 752.294481 768.126810 857.277490 814.632388 822.363859 812.181689 811.659409
2947.595020 2966.556359 3096.774602 2870.621917 2936.863962 3287.473939 3120.134188 3150.917622 3110.594995 3107.948603
11941.571407 12017.382520 12541.752760 11633.501324 11897.618271 13308.763637 12634.428125 12760.168686 12598.047924 12584.562307
28889.806984 29075.521219 30355.802197 28136.072551 28782.014415 32229.777973 30582.619467 30890.001990 30494.564087 30461.584512
58871.764988 59251.760315 61870.940436 57329.286890 58650.520419 65706.594649 62335.936634 62965.666286 62156.245623 62088.149333
100888.898303 101542.690388 106059.331212 98228.592398 100506.682748 112673.589443 106860.852125 107946.537077 106551.431299 106434.455475
164533.084065 165598.425738 172952.084342 160203.495207 163910.996471 183719.207543 174255.631965 176024.582129 173752.632400 173561.926331
256933.583461 258591.054409 270031.771282 250196.681377 255966.520550 286781.920863 272059.635856 274810.374655 271276.171261 270980.157646
363244.554150 365579.122502 381696.861686 353753.819537 361881.202165 405294.183150 384553.155898 388429.790256 383449.290803 383032.630860
479323.148729 482389.816630 503556.174574 466858.732107 477533.462974 534547.452464 507308.175931 512398.451484 505858.982135 505311.570835
583476.252466 587193.967912 612868.126482 568357.560783 581304.030403 650458.114797 617418.177933 623593.163969 615660.479495 614997.562624
650529.178308 654673.664690 683289.015776 633677.955885 648108.219782 725185.828397 688361.087064 695242.687693 686401.960527 685661.734238
681952.214633 686295.158301 716282.618053 664293.203770 679415.557778 760187.156415 721596.808457 728809.355205 719544.331337 718769.142775
691252.383387 695650.249476 726015.319880 673371.658465 688683.674202 770473.778227 731396.900886 738699.793438 729318.101258 728533.311022
689635.340559 694021.298402 724301.418180 671804.506506 687074.332980 768634.997065 729667.561618 736949.485284 727594.101204 726811.553989
679796.634855 684099.304802 713810.061869 662301.069599 677283.119854 757310.826361 719075.960704 726221.593551 717041.862571 716274.076967
635396.078050 639395.278571 667005.974452 619137.555512 633061.123496 707429.645843 671899.233871 678539.353821 670008.361092 669294.511635
556762.414788 560243.037497 584277.150021 542610.187363 554729.575340 619465.184024 588536.684933 594316.702982 586891.404095 586270.208358
430657.198628 433338.227755 451844.808419 419759.242481 429091.737464 478942.163877 455125.633082 459576.093811 453858.281454 453379.438737
288584.733845 290376.983767 302751.766172 281297.014464 287537.845788 320870.807075 304945.422033 307922.175916 304097.816421 303778.680233
171607.682545 172675.532795 180043.373051 167268.573811 170984.187834 190832.815234 181349.999314 183122.011859 180845.049021 180655.215495
93570.136225 94150.289277 98155.651478 91212.315501 93231.924660 104019.356326 98865.724749 99828.777736 98591.041053 98487.306081
40515.008572 40766.576189 42499.909875 39494.386119 40368.849637 45037.632838 42807.112544 43223.884855 42688.814144 42643.126936
14162.183409 14250.310197 14858.007993 13804.322120 14110.651571 15747.638770 14964.903659 15111.333095 14924.197616 14908.119980
3569.923045 3591.559873 3741.834700 3480.789778 3557.208066 3962.261108 3768.997555 3805.145325 3758.550308 3754.467795
44.017636 44.551574 47.697947 42.320306 43.463738 51.161306 48.012004 47.855958 47.952668 47.141776
29.802278 29.930343 31.401787 29.024612 30.301326 34.021730 31.794527 32.381263 31.672084 32.227425
254.108652 255.541772 265.953867 246.983935 252.487749 281.291151 268.325209 270.314354 267.568588 266.582177
2139.263692 2152.626906 2246.520486 2084.835537 2131.239428 2383.102975 2262.989380 2284.936390 2256.575665 2254.224601
7935.212651 7985.204578 8334.059871 7730.100602 7905.824417 8843.448656 8395.465303 8479.294506 8371.361845 8362.493252
22258.340633 22399.549442 23374.919365 21683.610281 22175.892100 24804.047688 23548.153901 23782.898836 23480.939440 23455.876475
46225.764191 46521.633642 48559.969635 45025.924730 46053.194741 51544.605019 48921.359995 49411.140980 48781.846782 48728.689597
84159.020412 84700.409510 88435.600196 81959.566197 83843.306956 93904.086975 89097.441434 89995.685255 88841.509774 88744.892975
142406.061542 143323.492497 149656.376717 138676.330558 141869.662030 158928.826359 150778.424248 152302.250231 150345.456465 150181.793452
224054.138809 225499.304029 235474.485903 218180.036089 223210.500388 250078.900155 237242.221898 239641.494219 236559.286244 236301.620103
323437.891076 325525.611943 339938.023960 314952.198014 322219.677116 361038.030442 342491.598305 345957.932290 341505.257313 341132.231668
449397.741102 452278.921726 472175.570905 437681.509913 447714.359996 501307.043316 475702.356323 480487.611438 474340.131455 473825.938476
563098.179235 566690.699901 591494.496371 548492.231177 561000.368662 627810.726040 595890.609473 601856.007005 594193.034429 593551.254454
635789.948520 639830.503155 667727.248171 619362.886691 633430.654387 708571.558731 672671.531664 679380.156929 670761.813547 670040.164271
646024.784119 650126.211261 678443.150023 629349.830414 643629.181966 719902.406600 683461.577606 690271.487155 681523.227240 680791.302875
624778.610103 628752.415777 656184.201725 608625.478802 622458.763074 696348.445804 661046.411867 667643.532009 659168.120896 658458.762740
604333.151087 608184.924145 634780.200993 588672.187783 602083.343557 673717.829269 639493.576219 645889.265741 637671.885818 636985.196200
613489.285422 617397.887575 644380.382726 597600.044831 611206.923654 683886.151391 649162.303636 655651.895320 647315.127996 646617.359151
622547.082661 626504.927846 653826.555742 606458.205472 620236.820810 693828.805202 658668.552274 665239.880059 656797.709147 656092.283977
629954.006845 633931.933986 661396.676818 613780.164995 627631.032985 701609.342837 666264.936719 672869.785662 664384.170085 663674.084689
587339.190192 591016.792842 616412.280399 572383.892888 585190.444309 653594.783925 620912.964790 627020.662249 619174.732108 618518.010932
467160.119087 470074.672243 490198.629025 455309.981908 465457.849959 519661.443448 493764.941906 498604.940149 492386.880901 491866.794005
313508.860479 315465.278627 328972.851049 305554.625136 312366.192768 348749.420466 331367.029299 334616.197095 330442.720324 330093.057535
176914.550875 178023.947565 185684.091091 172404.835730 176267.483789 196897.859357 187041.481697 188883.179290 186517.240688 186318.727979
88148.657534 88700.214707 92505.090299 85907.460018 87826.849259 98077.250529 93179.898211 94094.900023 92919.294131 92821.254921
37749.740675 37983.293367 39600.461722 36797.238275 37612.211808 41968.209930 39887.318122 40276.148748 39777.066456 39734.488466
13813.888739 13900.514469 14496.460312 13463.165025 13763.301306 15370.555324 14602.961343 14745.858599 14561.474473 14546.803552
2837.831273 2855.032601 2980.340578 2764.244522 2827.168082 3161.628115 3002.213921 3031.631641 2993.554963 2989.781696
23.894017 24.529569 26.230162 23.710165 24.276279 28.170814 26.094598 26.841107 26.289783 25.805622
31.964476 32.132357 34.142617 30.769685 32.169181 36.692206 35.041928 35.121436 34.311311 34.810734
90.130598 91.177069 95.226859 87.593807 89.431991 102.650313 96.824016 97.363204 96.492946 96.535645
2549.769164 2566.602107 2680.651581 2482.487704 2540.431723 2847.292522 2700.356335 2728.075881 2692.413361 2690.298383
11043.219430 11113.700922 11597.223797 10758.989354 11002.993649 12305.206295 11682.810262 11799.363359 11649.797214 11637.529323
27271.534168 27445.426919 28644.485024 26564.960494 27170.100615 30400.160909 28857.233519 29145.656486 28774.869413 28743.855603
55635.621066 55990.032502 58440.172734 54192.681558 55428.291768 62026.857423 58873.855388 59463.248088 58706.721668 58643.206959
101691.549504 102343.016466 106837.309054 99044.952170 101311.248701 113417.051072 107633.213486 108714.724064 107325.406844 107210.037719
174601.586852 175720.743180 183449.605211 170050.043456 173947.916810 194765.353472 184818.779898 186677.543689 184290.140731 184090.739315
267611.669970 269332.253187 281208.278788 260618.389914 266607.619403 298596.719298 283313.062467 286170.073596 282500.199391 282193.210879
385915.566007 388392.564383 405494.897727 375844.613198 384468.882100 430534.110032 408525.109520 412638.930093 407354.869364 406912.959696
508934.424747 512183.546691 534619.153114 495723.554265 507036.189537 567466.346069 538594.360009 543990.671095 537059.222394 536479.103528
594673.313766 598450.941107 624533.939101 579314.396516 592466.879181 662722.813152 629156.448646 635429.397858 627370.426108 626696.990717
603594.188949 607415.260188 633798.435018 588058.296309 601362.224946 672425.564894 638474.071057 644818.867885 636667.514419 635986.129717
555086.436411 558599.403806 582852.917735 540804.968251 553034.790112 618363.315176 587151.859199 592984.891901 585491.517474 584864.087979
493586.163970 496723.696844 518385.785376 480830.421130 491754.093562 550100.482826 522224.078787 527434.227163 520741.590466 520180.936877
483675.893065 486756.632960 508027.184946 471151.136008 481877.512272 539168.425925 511796.302594 516911.775985 510340.511314 509790.040289
511544.080016 514800.711189 537285.092497 498304.783054 509642.330533 570203.476062 541269.954669 546677.275392 539730.696517 539149.649485
553188.313757 556708.101172 581011.648158 538877.235696 551132.618805 616593.701216 585318.879848 591163.595565 583655.148540 583026.175047
595578.681145 599343.807000 625339.656826 580270.926911 593379.606761 663401.389354 629946.934632 636199.131364 628167.579444 627496.065200
572161.852021 575750.804769 600528.754930 557571.738256 570066.766893 636806.671514 604920.355051 610879.015677 603224.183055 602583.734488
455420.233802 458270.484847 477947.942794 443832.081128 453755.174307 506759.091912 481435.306599 486168.153269 480088.429730 479579.710430
300960.919556 302848.440651 315881.732494 293286.323992 299858.238168 334963.015135 318191.784325 321325.942562 317299.015556 316962.135237
165959.451644 167004.551456 174220.684998 161709.212595 165348.437990 184786.975885 175500.280996 177235.566413 175005.619827 174819.346524
76992.220197 77476.760256 80820.349112 75022.872259 76709.986579 85716.215778 81413.084453 82217.428367 81184.166171 81097.818922
26710.027408 26878.254925 28040.691873 26025.472940 26612.113074 29743.543002 28246.747104 28527.106401 28167.190262 28137.061363
8602.087780 8655.991137 9029.896982 8381.290366 8569.590878 9578.042940 9096.868323 9186.441696 9070.907183 9061.517970
1385.255468 1394.470012 1455.352926 1350.073290 1380.190836 1543.573001 1465.678579 1480.263558 1461.178195 1459.485245
210.886717 212.067518 220.224225 206.450822 210.466017 232.670335 222.453742 224.559360 221.454724 221.162309
37.295830 37.715680 40.457314 36.681500 37.980444 43.415660 40.454025 41.425389 40.915540 40.717664
904.627859 910.112306 947.437728 882.212854 900.991538 1002.202082 953.423065 962.449167 951.355798 949.910675
4331.967678 4358.516461 4542.983903 4223.389960 4316.235333 4813.298826 4575.499578 4619.639033 4562.618687 4558.177917
13235.807265 13317.830021 13887.100186 12900.620387 13186.796309 14720.600412 13987.889759 14124.659137 13949.375406 13934.937226
27079.380625 27250.904579 28436.778273 26381.721079 26979.113907 30172.086652 28646.654761 28931.571382 28565.855444 28534.931001
56440.223091 56799.735460 59283.677311 54977.448207 56230.104086 62920.000953 59723.405140 60320.579284 59553.827870 59489.597226
107621.620505 108312.029476 113074.403529 104817.128857 107219.077245 120047.857940 113918.683644 115064.127786 113592.734696 113469.778386
189862.410470 191077.745515 199467.044885 184921.735082 189152.564899 211751.897070 200954.106062 202972.441812 200379.822759 200162.815544
302354.702264 304288.412731 317637.494850 294494.544761 301225.631238 337181.631364 320003.125968 323213.893720 319088.795692 318744.084243
429400.178534 432139.935677 451051.193213 418263.811916 427800.507898 478739.274305 454403.098804 458951.043341 453107.980917 452619.288146
537041.437892 540451.804812 563995.834407 523177.241367 535049.631496 598467.765261 568168.582842 573831.533465 566556.492389 565948.537421
569642.166054 573246.126313 598131.297398 554988.041294 567536.739027 634566.937770 602542.338701 608526.927117 600838.242560 600195.721586
514937.898622 518188.677744 540635.652606 501719.272580 513038.671905 573500.219433 544613.966005 550012.520948 543076.943681 542496.433011
428779.130029 431491.394601 450218.031889 417751.679395 427194.784482 477635.281465 453536.694973 458040.630948 452254.599465 451770.769236
382889.571407 385325.480030 402139.444831 372988.156812 381467.252488 426757.181955 405118.835679 409162.880804 403968.592294 403533.369476
411503.855965 414118.972876 432172.116345 400872.416281 409977.261301 458604.712303 435372.077987 439713.693163 434135.931396 433669.027797
460459.464994 463384.712586 483580.539429 448567.651075 458751.960791 513149.396888 487159.374948 492016.828704 485777.537929 485254.914846
527784.060006 531138.315168 554294.773587 514148.567538 525825.349057 588198.385218 558399.056742 563967.989585 556813.644483 556215.117438
586040.177863 589740.416175 615287.287705 570997.463298 583880.035157 652691.558365 619815.665508 625959.341415 618066.687744 617406.155805
545438.762824 548860.025171 572488.860145 531524.909065 543440.006385 607083.226110 576675.898500 582358.534861 575058.589005 574447.851086
420652.805104 423284.818831 441458.509309 409950.888430 419115.341172 468067.000479 444679.261503 449049.773086 443435.507062 442965.422245
271894.140857 273601.783233 285392.858820 264951.157614 270896.384679 302655.541633 287481.789205 290317.782793 286674.836944 286370.454744
151944.640797 152901.106818 159502.948925 148056.601406 151386.325189 169171.124738 160673.492296 162262.119874 160221.760088 160050.838867
68746.319601 69178.174321 72161.315267 66989.255319 68493.657706 76528.892133 72689.735832 73406.999784 72485.183716 72408.863496
20355.429630 20483.995099 21373.209860 19832.537182 20280.170728 22674.875693 21530.359792 21744.396042 21469.623267 21447.163218
5156.496825 5188.668680 5408.028901 5027.298724 5138.113767 5728.540382 5446.778429 5499.491462 5431.786940 5425.780670
728.447627 733.037700 762.540189 709.788225 725.268770 807.572398 767.848306 775.353261 766.207790 765.392568
233.744981 235.059829 244.073261 227.812164 232.717650 257.007610 245.158781 247.417552 244.872079 244.394830
3.898814 3.871658 4.863737 3.646439 4.074615 5.095373 5.051737 4.495411 4.295810 4.863281
1192.306155 1199.235821 1248.660567 1163.558733 1188.117626 1320.469792 1256.944823 1269.417308 1253.774168 1252.856700
3955.939195 3979.972639 4147.100235 3857.776935 3942.507061 4390.595027 4176.272300 4215.966280 4164.919865 4159.955030
9994.491257 10056.642125 10484.964755 9742.745946 9958.779765 11111.145569 10560.562801 10663.375824 10530.778874 10519.988386
22275.034875 22415.567125 23386.781889 21703.567902 22192.979631 24808.534734 23559.020820 23793.177310 23492.938252 23467.214812
50116.430900 50437.634794 52654.218116 48811.655141 49929.507414 55898.525416 53047.177811 53579.364450 52895.160356 52837.606755
105496.262336 106173.169994 110843.147121 102746.168474 105101.144968 117681.168568 111671.338751 112794.728446 111350.762215 111230.844840
197257.102529 198517.970230 207223.077108 192129.990873 196520.341158 219969.578968 208766.753277 210859.871570 208170.566318 207945.149864
328592.044658 330683.587846 345128.666495 320085.667372 327370.323228 366276.785483 347688.344243 351162.473425 346699.654922 346326.268176
464318.028991 467263.876133 487598.745604 452343.691843 462598.269898 517372.367199 491203.238671 496092.999173 489810.940946 489284.897329
539413.727292 542828.522959 566410.957999 525526.945367 537418.638913 600936.417993 570590.175628 576261.818811 568975.444137 568365.918031
527293.920771 530626.503038 553635.620887 513745.453132 525348.507386 587322.491766 557712.828540 563247.307846 556137.913787 555543.296798
437671.096662 440436.218487 459523.310834 426431.659988 436056.481873 487470.249972 462907.304661 467497.250259 461600.193071 461106.763865
367600.266028 369928.722975 386006.834900 358132.141252 366240.314498 409545.660701 388855.631927 392722.317563 387755.587104 387339.075393
369457.443444 371807.394919 388032.906412 359903.740599 368085.755731 411787.400486 390908.431810 394810.343502 389797.613763 389377.714206
428377.218844 431093.511989 449846.373954 417334.343498 426791.417350 477302.690214 453170.398106 457680.488912 451886.291564 451401.229001
497002.668127 500152.510257 521903.350343 484194.119031 495163.388725 553749.203122 525758.541502 530989.191253 524268.941763 523706.923957
565983.429021 569569.188300 594328.842762 551403.737566 563889.203261 630579.316493 598716.571696 604671.360017 597021.325590 596381.462557
592835.513814 596572.341222 622374.868555 577642.413319 590653.273239 660151.700622 626947.064248 633152.806563 625180.926609 624513.816005
518698.755583 521949.293525 544394.574515 505481.369602 516800.188991 577256.539591 548372.585454 553770.210485 546835.759346 546255.472131
372825.244473 375163.091087 391300.676974 363322.572972 371460.837614 414929.680237 394161.695627 398042.758625 393056.628899 392639.060425
234396.308455 235871.469309 246055.595542 228398.980415 233534.652026 260967.219497 247861.156572 250310.429677 247163.554847 246900.838259
135055.247087 135908.617868 141797.660886 131588.124636 134557.926601 150420.340333 142841.267880 144257.541385 142438.352028 142286.521365
63819.346631 64223.613817 67013.099440 62176.007972 63583.539910 71098.096096 67507.315651 68178.475751 67316.442963 67244.958858
18674.358370 18793.538383 19615.117899 18190.050094 18605.095392 20819.156425 19761.221118 19958.198683 19704.609759 19683.534079
3567.839127 3590.565456 3743.014120 3478.247285 3555.162955 3967.367128 3770.260200 3806.926460 3759.298807 3755.851001
747.384205 751.942332 783.819877 729.494620 745.356496 830.142953 789.820156 797.055477 787.138217 786.271015
-0.105576 0.270689 0.099734 0.307436 -0.308591 -0.232923 0.163865 -0.061244 0.400789 -0.209038
0.172102 -0.027908 0.522196 -0.205456 -0.148449 0.049807 0.194761 -0.288312 0.542477 0.518314
237.599985 238.467946 249.402190 230.976935 236.153905 264.424099 250.624904 253.718901 250.184599 250.047588
2380.692046 2395.649601 2495.109078 2321.234014 2372.437996 2641.924109 2513.586266 2537.695322 2506.518747 2503.849325
6193.582434 6231.715994 6495.944526 6037.076990 6170.649239 6882.864170 6542.545752 6606.082589 6524.130377 6517.512780
15405.841757 15503.906979 16185.543245 15004.381493 15348.521254 17183.378348 16306.868762 16469.943583 16259.402818 16242.196466
44283.731709 44570.479396 46545.904478 43120.990732 44117.310277 49437.855162 46895.767094 47370.911237 46760.425106 46709.931681
109798.063250 110500.820912 115351.532528 106941.816323 109388.058693 122452.415664 116210.654526 117376.889505 115878.547691 115753.336395
216056.204391 217435.151474 226954.064646 210451.186813 215250.807410 240890.617541 228641.434379 230929.902907 227989.676290 227743.125672
362900.629973 365203.346457 381099.470047 353540.214050 361556.073383 404372.921810 383916.532225 387739.599009 382827.879383 382417.963298
494961.845184 498090.820777 519692.699670 482241.224280 493134.739950 551320.260896 523521.427201 528716.613294 522041.859849 521484.282191
539466.768165 542876.620470 566419.458899 525604.232484 537475.740544 600888.082603 570592.295167 576253.884967 568979.774670 568371.486688
495548.839539 498682.760240 520320.041158 482807.227597 493718.506534 552000.084663 524155.439270 529359.061852 522673.439179 522114.696289
424543.192601 427228.474392 445765.126482 413627.740978 422975.212432 472904.236351 449050.317697 453508.216302 447781.228733 447301.747575
396317.181207 398834.728806 416217.479120 386080.429897 394846.098078 441666.996107 419297.546628 423479.158874 418108.373561 417658.264189
450245.223503 453104.675802 472846.523045 438619.811420 448575.918294 501750.720411 476345.543325 481094.068134 474993.619646 474483.921748
526426.839905 529763.983483 552809.319005 512856.579989 524477.295878 586548.852888 556893.336846 562435.932672 555315.678587 554719.318732
597558.317674 601340.319549 627452.313114 582181.979883 595349.753304 665682.685550 632079.093343 638359.245297 630291.527175 629616.901422
633994.771396 638005.512594 665693.959178 617689.986368 631653.218029 706232.551951 670600.409871 677259.453371 668705.122564 667988.948739
603703.412558 607507.319444 633770.819372 588237.952509 601482.195739 672222.541761 638425.018497 644741.575323 636626.906688 635948.148579
481322.263642 484348.246676 505239.703939 469019.958445 479555.391520 535828.516811 508942.956637 513966.796539 507512.345299 506972.530337
319702.563659 321718.806377 335635.838748 311507.979230 318525.773400 356011.427116 338101.518361 341449.187597 337149.596440 336789.994083
200968.527506 202239.295386 211013.158980 195802.210064 200227.094035 223860.138667 212569.088629 214678.864529 211968.016301 211741.811291
125740.549203 126535.669405 132028.066993 122505.865934 125275.263400 140070.485471 133001.854963 134323.255605 132626.136125 132484.411823
62830.178653 63229.644139 65993.392971 61202.337420 62596.171842 70038.711481 66482.429238 67147.891085 66293.801472 66221.899343
18276.792610 18394.501455 19211.147591 17795.750436 18207.460276 20406.043625 19355.515823 19552.161023 19299.693807 19278.284560
1697.539290 1708.215142 1784.165329 1651.862642 1690.997949 1896.015020 1797.365065 1815.817421 1792.160125 1790.213139
199.693794 201.664125 212.105845 193.909088 199.644023 226.445816 213.368620 215.967158 213.110538 212.449400
0.221975 0.847049 0.392940 0.198922 -0.071901 0.980393 0.242674 0.027877 -0.011613 0.210843
0.327122 0.409268 -0.392603 -0.214932 -0.180003 -0.006115 -0.420779 0.370213 0.500298 -0.035804
4.776865 4.349866 4.338910 4.407358 4.613269 5.327239 4.355374 4.571820 4.368840 4.841500
1623.025340 1633.133125 1699.273394 1584.117000 1617.078739 1797.926025 1711.605797 1727.655060 1706.468548 1705.125098
3615.894092 3638.873653 3792.461566 3525.832903 3602.876869 4018.467956 3820.521224 3857.420277 3809.491576 3806.163450
13512.375506 13598.520822 14195.650114 13159.788407 13461.771503 15070.820190 14301.868259 14445.469031 14261.169055 14245.817680
48262.203503 48574.586954 50730.773796 46992.888971 48079.625029 53886.444906 51112.529014 51631.406485 50964.648549 50908.899933
125329.779551 126133.146207 131676.370118 122065.700876 124861.216075 139792.726075 132658.664343 133991.987027 132279.720435 132136.490984
242052.083352 243594.962988 254248.386600 235779.394252 241151.227504 269846.465249 256136.583528 258698.741189 255407.529133 255132.508844
390417.419234 392889.317261 409950.952444 380370.367166 388974.287585 434931.542706 412974.185930 417077.615274 411806.695736 411366.073648
503644.849526 506826.263863 528792.572352 490709.120260 501786.776640 560954.086212 532685.696169 537969.375394 531182.267435 530614.688468
519706.632627 522994.982014 545695.490746 506338.177747 517786.601548 578933.380869 549719.440927 555178.927934 548165.432948 547578.135945
475715.936598 478731.255098 499550.697151 463456.747170 473955.529304 530032.228876 503240.449733 508247.413219 501814.703187 501276.927120
449632.831192 452480.979876 472147.156199 438051.898216 447969.098397 500941.038284 475632.790603 480362.777092 474286.483096 473777.991231
485686.518718 488776.668303 510109.307846 473125.380715 483882.332697 541342.069255 513889.112960 519020.191325 512429.664422 511877.752853
571930.194218 575567.412282 600677.658255 557143.509998 569806.377453 637442.747879 605128.328955 611167.636694 603408.800611 602759.911221
647601.131469 651709.465048 680071.908518 630899.269480 645202.125450 721598.348076 685099.169961 691920.551823 683156.647094 682424.068117
689367.338295 693732.500937 723868.267342 671621.631522 686818.515222 767989.949053 729208.782934 736456.510616 727145.581089 726366.893678
698715.627760 703132.844194 733628.013703 680759.178585 696136.475309 778277.013432 739032.714695 746366.372917 736945.261070 736156.774357
614003.632027 617875.094874 644605.869834 598262.255014 611742.574932 683743.968958 649343.450137 655772.428176 647513.485076 646822.501415
448886.082384 451719.365784 471280.554555 437367.760616 447231.127624 499920.545082 474747.351773 479451.780149 473408.008875 472902.109632
294208.734064 296071.090401 308929.232128 286636.405085 293120.911560 327756.358581 311208.651497 314300.724100 310327.883391 309995.531094
197117.901832 198364.221783 206971.024288 192048.815566 196389.225481 219573.943971 208497.289723 210566.895352 207908.011827 207685.768544
124361.688813 125149.976552 130590.089286 121157.875722 123901.669186 138556.293287 131554.376545 132863.474209 131181.947438 131041.015687
68041.392968 68474.386175 71465.776008 66278.828220 67787.808833 75846.536036 71996.694602 72715.948499 71791.210486 71713.689950
21214.492706 21353.426568 22311.471353 20650.306432 21133.844605 23714.192824 22481.704314 22711.734174 22416.404212 22391.392500
2237.431887 2252.214552 2355.021882 2177.018179 2228.478102 2505.173867 2373.159542 2397.125750 2366.179142 2362.771478
634.812867 638.566725 668.113492 618.015543 632.621706 710.209341 672.886149 680.014062 670.436506 670.016883
0.826400 1.066851 1.156204 0.773569 1.035106 1.563078 1.420426 1.767065 1.514488 1.197071
-0.249126 -0.437020 -0.050576 0.237773 0.135028 0.388066 -0.304699 -0.321751 -0.491923 0.183712
0.467763 0.225252 0.488796 0.441084 0.074678 0.454446 -0.251013 0.089174 0.047001 0.047809
714.730924 719.202659 748.978508 697.218739 711.449978 792.451098 753.832958 761.153535 752.005823 750.950499
3464.713140 3486.302557 3632.048328 3378.584664 3452.667615 3845.667872 3657.488831 3692.928492 3648.276914 3643.917554
14296.191157 14387.874670 15019.635526 13923.642968 14242.321269 15943.913457 15130.836507 15283.038299 15087.771728 15071.905358
58271.586992 58647.185613 61236.209478 56747.289077 58052.556583 65027.275164 61695.381727 62317.422506 61517.661974 61450.551462
143103.317456 144020.240704 150353.301262 139373.765042 142567.253882 159626.137781 151476.015034 152999.186622 151042.727445 150879.315813
260793.093123 262453.092398 273909.840120 254046.878717 259824.202687 290685.051024 275940.676442 278696.235436 275156.229966 274860.984337
397217.883889 399732.607104 417098.023492 386991.709208 395748.666685 442522.801089 420175.873021 424352.418918 418987.269094 418538.777666
491211.583532 494316.541405 515756.548342 478586.245557 489397.723891 547147.166847 519556.839501 524712.878404 518088.627041 517534.695880
501258.780023 504432.810222 526346.888630 488354.674666 499405.611760 558432.683539 530231.719675 535501.382984 528731.485712 528164.702525
484862.465985 487934.712230 509147.440451 472371.246505 483067.920775 540204.131018 512906.370250 518007.858570 511454.479246 510905.842741
509348.264771 512573.460366 534838.745067 496237.025659 507465.145579 567438.319102 538785.131197 544140.597133 537260.670109 536684.862291
590343.106271 594094.360382 619993.698699 575092.623049 588152.726780 657912.427273 624583.724493 630812.242762 622810.275464 622141.348868
663591.893411 667813.864621 696964.734387 646425.750676 661126.546337 739645.116971 702131.028593 709142.522904 700135.987306 699381.330735
719539.530310 724108.874199 755659.785278 700960.860240 716870.900063 801852.298336 761250.988141 768839.095260 759091.099825 758275.276817
726116.062209 730717.398555 762485.661203 707408.718826 723429.323402 808998.883814 768116.131785 775756.293130 765941.226077 765119.806896
709012.160237 713492.166785 744423.152597 690798.361612 706396.350876 789708.354732 749904.256259 757343.379020 747787.253223 746987.140490
595691.088214 599451.532508 625408.720149 580406.517154 593495.983147 663412.899905 630008.277616 636251.091271 628231.628256 627560.898880
433066.290990 435805.976718 454720.496024 421928.464470 431465.974482 482413.704370 458072.643765 462621.768530 456777.928218 456288.687833
296545.189572 298425.549615 311408.338218 288900.152699 295446.761720 330416.841672 313709.773000 316831.980003 312820.941364 312485.210773
212116.753366 213456.051357 222704.804644 206669.633313 211334.600463 236246.930180 224344.440939 226568.612443 223711.440095 223472.069047
134546.071419 135396.888819 141274.408966 131085.113261 134048.220978 149879.614922 142316.232026 143729.830633 141913.353654 141762.367611
70947.627557 71400.567183 74529.470754 69105.854638 70683.174371 79109.373306 75083.288262 75836.090146 74869.775131 74788.119847
24987.371193 25150.931748 26275.952889 24323.960470 24891.676383 27925.457958 26476.263026 26746.945425 26398.902761 26370.192981
3366.608681 3388.583237 3540.514167 3276.232018 3352.955583 3763.754431 3567.838310 3604.239238 3556.749283 3553.309355
456.718353 459.173245 479.127659 444.439728 454.966272 509.445424 483.238329 488.376143 481.688336 481.736559
0.452223 0.444230 0.706450 0.661141 -0.144879 0.000722 0.224775 0.053672 0.346148 -0.265190
0.451444 0.366514 0.242968 -0.205627 0.486599 -0.228266 0.441387 0.014753 -0.207728 0.014520
-0.060285 -0.414624 -0.094807 -0.288773 -0.082095 0.063330 0.279590 -0.418783 -0.261364 -0.398599
247.664146 249.581619 261.329940 241.228367 246.743233 278.413414 263.292613 266.387936 262.122857 261.780001
1773.206938 1785.261748 1866.715171 1725.842413 1767.076894 1984.433870 1880.200741 1900.038672 1874.774087 1872.805441
16690.592424 16798.565465 17539.502170 16254.341415 16627.929035 18625.447493 17671.159538 17849.443651 17620.342213 17601.457009
70416.974529 70868.654487 73990.618073 68578.433492 70152.956710 78561.885767 74544.827974 75295.188487 74330.956830 74250.422722
158093.022447 159103.141715 166072.805985 153989.071077 157503.100231 176278.114083 167308.444989 168984.536424 166830.712400 166650.610255
275631.984897 277378.829851 289437.770806 268530.381491 274612.032715 307094.924676 291575.161027 294476.276933 290749.949858 290438.687844
390678.682298 393146.606971 410187.052365 380644.262714 389237.073327 435135.452231 413206.848316 417304.876413 412040.228211 411599.834681
468804.262387 471765.058993 492204.461719 456767.817817 467075.356800 522131.551127 495827.155397 500743.048900 494427.653825 493900.197129
487071.996677 490153.171028 511429.420041 474543.330888 485272.347673 542580.174979 515200.302160 520317.231759 513743.925978 513193.330305
499736.877638 502900.421308 524741.778399 486874.569859 497889.632669 556720.690881 528613.018315 533866.122296 527118.139702 526552.767466
556046.592085 559566.811854 583870.539751 541734.967186 553991.505322 619455.259680 588178.891684 594024.043558 586514.811961 585885.939548
638146.513453 642198.739131 670173.013285 621674.206050 635781.133616 711129.900390 675130.592486 681859.100071 673216.047413 672492.214052
693335.226142 697746.167675 728197.919500 675403.830252 690760.400897 772783.753658 733595.502198 740919.598719 731511.041282 730722.909867
710154.874253 714670.505794 745848.366704 691795.602798 707517.858091 791495.925133 751373.713480 758871.548091 749239.672651 748433.310151
698072.281099 702500.726886 733081.752106 680064.186689 695485.505171 777855.343434 738501.158245 745855.740833 736407.458712 735617.474453
658957.991920 663131.013222 691947.997646 641989.411172 656520.076221 734137.522837 697054.010549 703984.291255 695081.489242 694336.945864
552205.055293 555699.438107 579832.218020 537993.539131 550163.126158 615164.743361 584109.801096 589913.645183 582456.978703 581833.316429
423806.884690 426488.765985 445006.018479 412902.304746 422240.319238 472118.815009 448288.702215 452741.592154 447020.381346 446541.894350
312095.819653 314073.349776 327721.310338 304058.723070 310941.218947 347703.953835 330140.085357 333422.308015 329206.313868 328852.979069
225042.634038 226464.231004 236278.561047 219262.872873 224211.842175 250649.045469 238019.107644 240378.772061 237346.388868 237093.548358
140411.371937 141299.929166 147428.533083 136803.064626 139893.308623 156402.346781 148514.546722 149988.866206 148095.503559 147936.503597
71733.951314 72191.874839 75352.206569 69872.545175 71466.572109 79980.161923 75911.967340 76672.700524 75695.976300 75614.703305
23968.240225 24124.356703 25200.089966 23334.179128 23877.438426 26776.026083 25391.101614 25650.126964 25317.036696 25289.636829
3686.361413 3710.326444 3874.593732 3589.204569 3672.146009 4114.646092 3903.203187 3942.991598 3892.388748 3888.090323
514.180619 516.430968 537.358481 501.595623 511.924015 568.160652 541.365929 546.132338 539.976240 539.291064
49.540127 49.048211 51.600299 48.041744 48.605482 55.091481 51.980138 53.288461 51.710103 52.285013
-0.317294 0.153726 -0.052005 0.131324 -0.240086 0.312031 -0.271824 0.377169 0.120037 0.365634
-0.213882 0.377162 -0.034391 0.482729 0.193065 0.496788 0.492687 0.216067 0.485452 -0.310469
325.186035 326.932722 340.935726 316.479710 323.882782 362.060365 344.104539 347.061876 343.089386 342.152975
2418.610778 2434.713540 2542.036684 2355.512758 2409.830897 2700.426894 2561.057091 2587.842214 2553.680884 2550.887478
23882.873359 24034.283715 25078.040761 23268.176418 23795.044917 26605.976027 25262.671512 25513.538859 25191.802650 25164.628207
86760.459175 87313.772538 91140.625597 84506.202685 86435.801556 96742.829904 91818.967517 92739.620364 91557.193182 91458.552978
177062.548776 178182.670003 185915.332973 172509.405958 176409.152187 197235.541318 187285.884133 189144.836793 186756.433244 186556.737427
279358.803690 281118.396478 293266.929159 272204.687017 278330.869306 311054.926224 295421.087557 298342.335419 294589.225879 294275.249681
371833.458030 374172.513980 390317.054028 362326.055145 370468.352626 413956.100719 393178.475009 397061.831946 392073.417089 391656.650340
428681.406417 431382.933355 450037.643948 417696.264004 427103.599377 477351.189387 453344.883158 457830.794988 452067.266369 451585.242132
451180.643241 454032.397399 473716.063980 439589.895344 449516.199973 502536.130498 477204.319080 481938.942168 475856.698877 475348.350447
476664.375076 479683.518227 500531.662235 464387.627437 474901.278543 531056.468009 504226.680896 509241.303993 502799.632475 502261.004663
533699.552747 537082.536775 560438.015448 519946.652462 531724.495844 594632.816005 564577.501580 570194.527122 562978.446629 562373.819199
593540.343606 597310.173777 623338.770528 578212.095838 591338.723309 661448.725497 627951.784719 634212.110967 626169.911182 625496.943953
646204.387930 650309.143145 678650.949900 629514.191921 643807.244391 720147.014475 683674.772705 690490.829665 681734.427423 681001.499793
655496.928481 659664.243269 688438.264765 638553.141053 653063.089798 730566.725618 693538.567491 700458.492580 691568.467653 690823.985408
631245.075961 635263.568331 663005.424612 614909.324036 628899.320969 703621.765090 667921.649466 674592.897689 666022.350841 665304.930020
586115.972072 589842.108913 615572.528962 570965.077185 583939.519966 653243.831732 620131.873199 626320.815835 618371.103726 617705.994713
508802.068255 512031.316900 534327.465008 495673.687900 506916.916164 566970.354362 538278.804755 543640.525830 536751.956760 536175.621293
417221.828909 419864.439102 438106.583445 406480.106396 415679.089647 464816.388911 441339.576181 445727.288116 440090.589906 439619.278524
321355.650272 323390.950420 337445.891841 313078.849611 320166.542525 358023.913438 339936.938873 343316.739587 338974.465046 338611.522846
227643.391429 229080.112316 238999.130497 221801.947593 226804.760816 253523.185375 240757.499388 243143.837035 240078.732720 239821.865585
136632.890291 137499.599201 143481.747636 133110.377708 136126.973563 152240.332002 144541.653238 145980.945700 144132.633672 143977.993102
66045.334759 66468.564263 69387.693291 64326.527453 65798.896862 73661.407104 69905.307574 70607.011847 69705.545634 69629.352629
21602.781594 21743.356142 22710.124611 21033.514869 21521.814356 24125.313155 22881.654098 23114.090611 22815.625457 22790.449459
4573.969308 4603.630999 4808.529843 4452.562172 4556.458136 5108.776393 4844.415737 4893.677700 4830.607824 4825.091006
731.950415 737.287819 769.836666 712.755841 729.173513 817.567931 775.437069 783.432038 772.887380 772.040463
101.496121 102.467691 107.368972 98.581942 101.393046 115.026597 108.077493 110.089702 107.884342 107.959111
-0.039559 -0.321215 0.278849 0.206768 -0.463081 -0.388829 0.287601 -0.214497 0.044554 0.448202
-0.199902 -0.163443 0.562536 -0.289412 -0.141400 -0.185395 0.099267 0.306880 0.382620 -0.133387
97.836383 98.874206 103.255134 94.921362 97.174808 111.268107 104.136960 106.092991 104.079540 104.045543
4359.696694 4386.896304 4577.465532 4248.060712 4343.264079 4855.541237 4611.399033 4656.595358 4597.980363 4593.097485
34893.610718 35113.951964 36636.181497 33997.456967 34764.619009 38865.574215 36906.497315 37272.361573 36801.507508 36762.555980
101817.504694 102462.970472 106922.482688 99191.594042 101439.836284 113451.498357 107712.255963 108784.756768 107407.855391 107292.662853
184529.722330 185690.746247 193704.826560 179809.839240 183852.181338 205440.196447 195125.839733 197053.050878 194577.364698 194369.851935
269860.376227 271556.737117 283264.776613 262965.381151 268870.092703 300407.436903 285339.628247 288156.529237 284538.536705 284236.397862
334093.463923 336192.104013 350677.223699 325563.641486 332868.614404 371886.593283 353244.691773 356728.972235 352253.651439 351878.538303
372926.073405 375275.905308 391505.879144 363368.655746 371553.295358 415268.065145 394382.491542 398285.624902 393271.501222 392851.258475
391815.263462 394293.561020 411402.907231 381739.988613 390368.028769 436453.788936 414435.453140 418550.328912 413264.117648 412821.715879
423502.455767 426185.303386 444713.263563 412591.745773 421934.910301 471840.121033 447997.266024 452453.179393 446728.474576 446249.364954
474746.740543 477749.102199 498482.031613 462537.090216 472992.370931 528838.005051 502156.685451 507143.637993 500737.524129 500201.271483
530915.151048 534275.658983 557475.276003 517254.158239 528953.280557 591441.082640 561586.601911 567166.341754 559998.308258 559398.599385
586199.122312 589909.925012 615527.971702 571113.369594 584032.828077 653035.843099 620068.388249 626229.915917 618314.486847 617651.859661
600976.727450 604796.506913 631166.123862 585448.404460 598746.716622 669773.658696 635838.724649 642181.350011 634033.608838 633352.220829
577718.588362 581407.260494 606876.706592 562721.221042 575564.753063 644164.893209 611390.293926 617515.117735 609646.608657 608988.208184
537924.720259 541357.240444 565055.176891 523969.646980 535920.329593 599752.362523 569255.161736 574954.334199 567632.813206 567019.889455
492938.200170 496069.151763 517688.689849 480206.727295 491109.233633 549342.550620 521521.116830 526719.838629 520040.832827 519482.090766
418593.666524 421244.818490 439547.210943 407815.676677 417045.249848 466345.349697 442791.500730 447193.435526 441538.937401 441065.467089
321186.758795 323222.187991 337275.807453 312911.369050 319997.705112 357853.055143 339766.862890 343146.756776 338804.644712 338441.780905
220307.698923 221701.068011 231321.022047 214642.092585 219493.144051 245406.281200 233025.630689 235340.122807 232367.413156 232119.098327
128734.483203 129553.968017 135206.770648 125405.398642 128256.151941 143484.209209 136208.957942 137569.027694 135821.766748 135675.538984
62697.429243 63098.358226 65863.041084 61068.332917 62462.987058 69912.799801 66353.306448 67019.025163 66164.752234 66093.250769
23370.922294 23519.200623 24546.890520 22765.676674 23284.259417 26050.433595 24728.566913 24975.430554 24658.833178 24632.129397
6029.068968 6068.836327 6336.744423 5870.843113 6007.168164 6730.631814 6384.683924 6449.892096 6366.868160 6359.713956
652.900389 657.248718 686.825205 635.834808 650.409641 730.828048 692.993452 699.798959 690.153801 689.516995
5.022655 4.944866 5.708718 5.177908 5.230492 6.155721 5.772895 5.160021 5.286041 5.015042
10.726957 10.433309 11.396909 9.857068 10.676794 12.359821 10.913005 11.339758 11.085497 11.148255
0.271204 0.161376 0.609752 0.102632 -0.104101 0.444742 -0.132366 -0.261758 0.468638 0.347460
863.269169 868.577313 904.688432 841.310096 859.998793 958.037842 911.515806 920.416915 908.964752 907.574254
6010.878723 6050.648495 6320.088190 5852.922623 5988.913530 6714.243849 6366.904474 6432.612335 6348.967355 6342.311835
48149.492002 48451.565626 50537.754149 46921.578007 47972.940076 53592.033931 50907.869916 51409.355398 50764.970606 50711.371790
120445.798250 121201.493801 126419.261465 117372.724854 120004.141881 134058.738247 127343.401449 128598.409776 126986.818455 126851.323027
193251.222617 194464.175992 202835.261639 188321.568546 192543.874024 215092.599905 204319.596800 206333.062712 203746.210463 203530.492102
259568.950500 261203.703399 272487.762532 252923.293969 258614.387915 289010.442182 274488.280080 277202.349424 273715.455733 273424.473410
310853.295305 312811.194117 326325.875773 302894.005217 309710.529203 346115.283018 328721.738689 331972.857642 327797.065334 327447.609736
344510.935060 346689.688932 361730.270900 335654.029584 343238.805582 383751.635180 364396.150422 368013.387864 363366.275931 362977.370977
367903.393549 370238.543827 386359.473084 358409.860652 366539.753442 409963.714680 389216.919445 393094.884074 388113.930513 387696.638970
394949.962946 397457.145831 414765.347474 384757.165145 393485.511289 440106.628057 417833.149231 421995.778772 416648.064124 416199.989681
431835.967182 434567.293767 453426.686216 420730.579371 430240.849760 481037.922579 456768.984663 461304.567686 455478.070424 454989.397753
491664.935824 494772.103895 516220.117675 479035.249883 489850.933140 547621.652383 520020.658419 525178.873288 518552.540556 517997.565255
560730.798204 564277.286573 588760.128714 546313.810996 558659.773315 624606.311205 593098.718289 598987.150187 591423.274463 590789.481563
590922.105243 594677.683691 620608.899722 575651.676817 588728.620068 658573.766775 625204.399576 631440.767442 623428.535520 622757.963218
575491.689161 579168.627948 604562.054064 560538.118270 573343.260012 641740.387996 609062.052486 615169.420549 607324.199565 606667.481817
544437.644901 547911.735427 571899.690981 530312.686983 542409.082326 607020.306309 576151.301235 581920.387157 574508.449193 573888.829046
496487.101673 499641.900024 521422.117980 483661.119303 494644.539645 553312.439475 525283.311989 530521.728698 523791.601036 523228.684476
410509.488262 413113.830932 431095.038301 399920.778761 408989.090852 457422.457596 434282.152193 438606.997606 433050.846815 432586.618723
301616.918801 303531.955116 316752.549262 293831.559024 300499.155127 336109.517023 319095.602613 322275.994066 318190.681780 317849.151436
201297.685749 202574.344690 211387.968478 196107.336019 200552.199692 224292.937529 212949.978707 215069.771411 212347.276973 212119.025859
118062.973470 118813.393928 123993.695555 115012.427261 117625.053479 131578.175953 124911.749396 126157.977895 124557.130513 124423.769894
61173.917230 61562.533122 64246.605585 59592.420888 60946.929922 68177.420522 64722.946488 65368.641174 64538.730155 64469.825664
23529.259192 23678.432569 24707.343233 22923.896179 23442.302488 26213.455021 24889.047630 25136.218982 24818.764538 24792.394843
7538.600357 7585.531898 7910.451246 7347.277436 7511.499563 8385.660650 7967.998228 8045.991867 7946.239541 7937.775870
1359.500459 1367.449390 1424.011191 1326.372024 1355.199475 1507.308350 1434.299373 1447.378413 1430.052397 1428.846280
0.075300 0.809052 0.170781 0.081914 0.853432 1.015377 0.924001 0.290754 0.462464 0.650150
0.241096 0.028264 -0.052645 -0.068305 -0.253289 -0.261732 -0.157619 -0.362629 -0.347075 -0.213296
55.505625 55.262318 58.768053 53.163158 55.450190 61.917713 58.363676 59.571217 59.069833 58.923878
1491.982144 1500.813371 1563.166478 1454.958843 1486.572800 1654.501549 1573.795532 1589.510536 1569.636080 1568.621011
10456.059522 10523.048351 10979.522677 10187.331523 10417.557452 11647.682064 11060.087652 11170.637247 11028.914544 11017.677065
59686.140831 60056.051581 62610.806905 58181.956260 59469.999260 66351.017400 63062.897444 63677.945964 62888.431226 62822.313228
137958.362047 138814.929003 144734.421134 134472.844159 137456.894039 153400.339005 145783.655635 147206.603574 145377.822944 145225.629665
211104.451796 212425.499597 221546.530137 205732.589800 210332.573225 234901.496552 223163.085675 225357.211276 222539.417479 222303.107296
280447.486992 282212.191236 294397.657791 273271.713276 279416.989487 312238.313992 296557.617534 299487.892384 295722.881891 295407.972262
336007.133090 338128.397442 352774.971808 327381.920579 334768.202049 374219.801628 355371.366815 358894.023418 354368.565634 353989.781675
373024.938450 375387.072956 391699.460036 363419.369362 371644.735276 415582.414937 394590.872336 398513.671248 393473.898783 393052.227667
409878.911382 412474.950742 430391.868763 399327.529311 408363.710806 456626.404266 433568.097004 437877.506140 432341.897057 431878.219404
434678.853050 437428.536476 456412.000677 423499.555124 433072.676382 484207.309134 459777.543359 464343.602970 458478.105115 457986.327602
480442.929304 483469.089916 504359.721126 468140.531153 478675.739580 534946.622330 508062.211039 513086.489480 506632.133336 506092.135171
547829.549150 551280.036534 575100.733622 533801.952793 545814.468718 609978.262530 579323.266563 585052.347371 577692.247108 577075.794429
621874.643652 625795.848528 652872.300133 605930.378040 619584.511097 692513.901055 657670.212051 664181.970629 655817.077797 655116.714024
644048.923479 648133.012124 676332.586331 627442.946166 641663.235996 717619.383157 681329.649071 688111.556577 679399.841464 678670.236679
612104.180466 616005.970130 642951.788908 596236.713383 609824.090307 682402.854805 647727.292353 654207.972534 645882.248832 645186.281543
560183.275801 563757.223663 588430.507323 545653.212933 558095.775034 624556.551259 592804.452553 598737.928232 591114.761728 590476.728078
484331.369122 487413.983203 508694.569593 471799.533484 482530.685210 539852.825185 512466.351324 517584.312817 511009.648333 510458.794621
372322.389906 374691.708604 391049.827994 362688.634275 370938.134407 415002.038362 393949.714614 397884.356905 392830.155314 392406.714122
260908.121147 262568.892609 274030.211365 254158.613265 259939.358383 290812.324504 276061.536843 278818.382108 275277.390175 274981.484863
170823.691763 171909.421679 179403.114139 166410.452774 170189.395537 190376.262023 180731.948376 182534.187184 180218.754571 180024.628043
101342.051111 101985.288569 106426.041021 98727.065321 100966.875072 112928.225601 107213.659786 108281.748606 106908.949978 106794.357038
53089.674757 53424.467181 55737.054615 51727.530119 52894.269222 59123.790508 56147.050916 56703.739955 55988.721062 55928.648234
21944.473996 22081.599050 23029.893749 21385.645476 21864.831144 24419.252338 23198.692111 23426.707358 23133.622331 23108.922423
6512.194046 6552.703418 6835.142138 6346.388765 6488.445558 7247.640942 6884.935285 6952.794992 6865.913098 6858.001213
1215.437733 1222.987579 1277.315737 1182.349012 1210.813876 1357.758915 1287.201393 1299.994864 1283.964869 1281.974284
2.971325 3.073888 3.221318 2.562807 2.839382 3.023198 2.622336 2.515303 2.473417 3.412694
0.375922 -0.459923 0.427505 0.384316 -0.474745 0.360412 0.118328 0.446050 -0.030219 -0.085924
-0.173647 0.436487 0.069737 0.438868 0.161463 0.377356 -0.010400 0.787994 0.491308 0.766971
2409.315727 2423.910349 2520.364451 2351.708539 2401.465356 2663.257841 2537.752374 2561.508235 2531.574486 2529.082290
14423.677324 14511.361467 15121.397623 14064.479741 14372.103298 16013.173383 15229.385166 15376.026032 15187.065530 15171.559361
62683.018866 63066.867692 65718.467407 61120.967333 62458.096516 69601.618337 66188.991910 66826.574456 66007.009739 65938.706280
138895.654530 139751.262607 145656.657269 135417.799375 138396.558984 154303.968236 146703.813140 148124.116909 146299.303856 146146.445340
231665.264052 233103.651996 243031.897023 225818.843153 230825.344562 257569.028120 244791.632789 247179.555661 244112.365582 243855.562113
317625.809661 319614.172940 333338.188975 309544.433682 316464.935629 353432.900138 335771.366667 339071.996494 334831.421474 334476.685503
384382.729909 386807.411015 403548.026222 374525.016927 382966.820322 428058.487918 406514.443709 410540.912941 405368.507823 404936.371237
437168.782745 439936.333551 459046.586313 425915.463285 435552.747192 487027.211746 462433.944728 467030.478555 461126.105141 460631.376803
486255.404069 489328.975163 510549.725618 473758.765808 484460.728859 541620.360854 514310.726497 519414.887681 512858.611045 512309.074504
529459.217003 532796.917821 555840.341012 515888.775839 527509.353988 589579.521864 559924.444682 565467.278790 558346.777318 557751.234458
586064.925629 589751.070917 615197.325146 571081.342936 583912.683687 652453.302665 619706.693462 625826.755583 617964.541033 617307.141155
655881.312473 660004.642222 688479.428040 639112.936168 653472.544440 730169.118669 693525.580813 700373.562337 691576.444298 690840.122396
705021.276505 709464.133200 740144.367154 686954.726847 702425.780646 785063.237559 745581.819661 752960.006137 743481.375223 742687.511199
684802.048888 689143.943074 719122.592838 667149.459095 682266.204864 763014.310082 724435.872308 731645.130660 722383.381133 721608.365093
616215.876473 620144.760539 647274.367983 600239.510056 613920.288699 686995.388981 652082.683331 658607.312485 650225.584681 649524.030866
523559.659901 526904.674007 550004.722353 509956.310740 521605.766298 583825.334740 554098.474059 559654.197882 552517.195817 551920.327598
411728.178905 414363.936964 432567.381431 401008.533015 410188.061269 459218.600860 435793.721412 440171.263545 434546.992482 434076.695253
296589.096651 298487.994373 311598.871244 288868.609299 295479.931434 330795.076901 313923.202205 317076.380386 313025.637696 312686.313558
205911.713429 207224.347681 216286.966811 200575.034761 205145.167456 229556.108313 217893.391483 220073.690190 217273.344776 217039.277936
127476.820896 128289.830650 133898.191836 124174.754658 127002.833921 142111.013208 134893.080918 136241.494674 134508.340326 134363.963992
76773.071623 77258.978797 80613.374498 74797.813889 76489.849489 85524.534203 81207.838480 82014.877916 80978.871490 80891.568545
40152.263998 40404.178920 42144.873042 39127.814578 40005.700803 44692.176802 42452.806201 42871.990299 42333.827512 42288.746073
20074.306798 20199.194518 21060.688928 19567.277109 20002.016503 22320.946179 21213.424680 21420.337220 21154.490829 21132.273078
5197.507314 5230.185312 5454.229912 5064.963719 5178.773295 5782.097107 5493.296560 5547.705389 5478.463260 5471.934896
1492.042542 1501.037748 1562.709937 1455.735038 1487.321054 1652.667846 1573.200859 1588.156089 1568.795377 1567.279214
8.943818 8.418075 9.817117 8.740532 8.987751 10.569493 9.961066 9.812997 9.257338 9.707015
-0.202165 0.484749 -0.412258 -0.053862 -0.437508 -0.054275 -0.095839 0.395861 0.125185 -0.232660
-0.153257 -0.182926 0.001284 0.464103 -0.270418 0.434656 0.549313 0.136791 -0.249393 0.110181
1486.094459 1494.346916 1555.250640 1449.936103 1480.927786 1643.521142 1565.657911 1579.995781 1561.689308 1560.216418
13808.821422 13891.923613 14466.258511 13470.831707 13760.901912 15307.893271 14568.929175 14706.808427 14528.886628 14514.444989
50459.391221 50765.034185 52876.964460 49216.000754 50280.856405 55968.649189 53250.874804 53758.695633 53106.675306 53051.571276
122584.145807 123331.083659 128489.515695 119546.808349 122147.656565 136041.779091 129403.849067 130644.779893 129050.852684 128917.744212
218153.742699 219496.817439 228766.368267 212694.969644 217369.776193 242339.646022 230409.265859 232639.334178 229774.575691 229535.027510
327274.263579 329304.156335 343314.488259 319024.363811 326089.507752 363829.217157 345798.058529 349167.925391 344839.166898 344477.041728
416864.609769 419475.910816 437507.488262 406246.977566 415339.170106 463908.968275 440703.287107 445040.119891 439468.960226 439003.526925
489323.244297 492408.664097 513711.457544 476779.084975 487521.635593 544901.912029 517486.886729 522610.940864 516029.100620 515478.140436
555615.868432 559117.786032 583297.253643 541377.896355 553570.903038 618698.090280 587582.863130 593397.533827 585926.717854 585302.375215
612764.070203 616622.800201 643263.595184 597075.729012 610510.335987 682270.617963 647986.118430 654393.247406 646161.682290 645473.440221
673017.056384 677253.686829 706505.511606 655791.757411 670543.057867 749334.403362 711689.967458 718724.959079 709687.673457 708931.407791
726316.797736 730890.915125 762475.397893 707717.494454 723644.473742 808718.230825 768072.498882 775668.878118 765910.319992 765093.685085
721896.380637 726464.645531 758002.972458 703324.691116 719228.812742 804179.624637 763593.185404 771178.211346 761433.910879 760618.286004
648067.980968 652194.611557 680689.147395 631288.063350 645657.437090 722408.009940 685739.794781 692592.721834 683788.112901 683051.932340
536487.931466 539929.182169 563691.350767 522494.439901 534478.014241 598481.886275 567902.432080 573617.735443 566276.222918 565661.781719
412011.278073 414670.708722 433030.441134 401199.267420 410457.805958 459912.251070 436284.352707 440700.616642 435027.780794 434553.207848
302176.607396 304129.691830 317613.412199 294237.021369 301035.982595 337354.081223 320002.687577 323245.797739 319079.430377 318731.000942
216285.741993 217673.873369 227259.157485 210641.710741 215475.693900 241292.806020 228957.859282 231262.715277 228302.039869 228053.957141
138703.189646 139590.311383 145717.628838 135095.410744 138184.694563 154688.392273 146803.937163 148277.031403 146384.481683 146225.656932
80577.754161 81093.409141 84655.791396 78480.778239 80276.413064 89870.071854 85286.775887 86142.793808 85042.812897 84950.692781
44176.219788 44458.768794 46410.772793 43026.876350 44011.369097 49268.073416 46756.796360 47226.271458 46622.890599 46572.162496
25045.426456 25203.750851 26296.820069 24401.411976 24953.301941 27897.318402 26490.320406 26753.527405 26415.623847 26387.317022
11557.887230 11631.367161 12133.754898 11262.315147 11515.577407 12868.435649 12222.396021 12342.947863 12188.025535 12174.459492
3387.178252 3408.192231 3552.939942 3302.277230 3374.952165 3765.178627 3579.374576 3614.038672 3568.741531 3565.515139
745.790116 749.924936 779.810258 727.692532 742.866466 823.821201 785.646319 792.409420 782.866078 782.901259
0.297610 -0.236204 0.179368 -0.478307 0.436643 -0.252023 0.212058 -0.441811 -0.057446 0.351147
-0.275059 0.306832 -0.254719 -0.484727 -0.250137 -0.372009 -0.281134 0.261523 0.020353 0.357119
0.262684 -0.469130 0.130887 -0.400693 0.010950 -0.191088 0.465641 -0.027625 0.074363 0.032975
673.653879 677.856726 707.037144 656.668526 671.117997 749.214900 711.808878 719.040188 710.149020 708.874200
7504.592263 7549.823323 7859.101928 7323.186824 7478.515110 8311.226922 7913.531596 7987.948581 7891.881530 7884.163993
27497.465223 27662.741529 28806.058316 26824.228318 27400.519650 30479.881205 29008.529090 29283.306472 28930.911586 28900.817388
79264.189793 79744.261667 83053.953052 77315.308359 78984.547388 87901.884586 83641.198715 84436.964472 83414.979216 83329.168543
162589.091446 163580.900124 170425.125871 158559.338553 162010.259072 180446.132189 171638.863911 173284.538985 171169.684195 170992.460724
272955.399743 274633.467515 286221.684091 266131.352670 271975.097460 303187.672941 288275.002072 291062.590161 287482.128361 287182.660297
381238.791979 383607.795256 399967.729992 371604.658130 379854.414531 423920.661523 402867.281495 406802.259482 401747.685280 401324.919849
479285.478812 482286.856761 503007.546113 467083.211331 477532.225954 533346.963598 506680.348220 511663.911763 505262.092646 504725.875884
565283.347363 568835.297061 593356.277882 550843.650925 563209.405513 629258.037362 597701.738163 603599.173908 596023.275510 595389.414003
627618.888798 631573.214983 658875.413276 611542.758588 625309.461512 698848.000004 663714.277326 670280.485083 661844.882119 661139.124669
677956.216586 682232.748804 711758.897387 660569.185441 675458.758297 754988.902821 716992.300110 724092.897068 714970.336888 714207.312353
684116.686367 688444.679323 718323.489043 666522.439812 681589.268073 762069.615498 723619.194626 730804.806867 721573.739936 720801.334722
624180.259810 628159.652135 655631.579109 608003.242284 621857.190921 695853.703105 660500.300190 667107.465618 658619.622513 657908.888831
507258.382685 510525.244371 533080.403167 493977.513068 505350.919327 566103.004769 537077.034455 542501.937295 535532.980245 534950.185161
388255.347290 390779.412735 408207.533155 377993.391715 386781.171355 433724.484369 411296.572222 415488.132263 410103.654643 409652.789615
281466.159681 283307.286175 296018.319185 273980.841021 280390.935455 314628.817926 298270.965807 301327.998302 297400.540977 297072.706259
195043.825013 196315.805320 205098.957180 189871.290745 194300.269850 217958.387896 206655.516761 208767.949563 206053.951518 205826.638648
129358.198785 130193.923846 135967.647285 125957.968909 128870.277435 144420.715466 136991.505081 138380.065508 136595.973065 136446.849870
79214.856696 79723.104434 83234.926566 77146.452435 78917.376347 88375.726752 83857.472006 84701.874124 83616.336117 83526.360286
41871.372837 42140.691473 44000.550214 40776.185240 41714.345871 46724.090900 44330.328238 44777.719196 44203.221307 44155.155465
22364.515729 22509.433965 23506.331985 21777.775043 22280.700615 24967.163437 23683.263753 23923.002736 23614.746188 23588.981341
12386.537770 12466.135941 13020.465483 12060.230410 12339.015767 13830.651640 13117.832746 13251.498628 13080.640446 13066.331571
4876.039443 4907.259291 5123.294478 4749.467644 4857.827256 5438.928969 5161.057688 5213.172118 5146.904846 5140.581326
1361.289226 1369.574736 1427.217916 1326.878611 1356.202663 1511.920947 1437.602453 1451.216657 1433.730818 1432.179211
28.047069 28.829571 30.175638 27.657617 28.630130 31.723789 29.813745 30.867487 30.053322 29.891076
0.214343 -0.459216 0.267752 0.360659 -0.011719 -0.404108 0.211364 0.232910 0.450754 0.165206
0.146247 -0.364103 0.451716 0.053356 -0.392039 0.228615 -0.337591 -0.494248 -0.439302 -0.023837
-0.369345 0.084325 -0.468725 0.108559 -0.219361 -0.272422 0.219392 -0.203004 -0.171964 -0.192135
148.065692 149.164406 156.105976 143.263476 147.546641 166.956496 157.238687 158.955626 157.341228 156.757689
2755.551939 2771.229877 2885.287852 2688.018854 2745.468822 3052.598974 2905.704112 2933.317720 2897.973581 2894.498935
9954.003450 10014.904351 10434.331671 9707.024876 9918.743597 11048.574028 10509.125733 10609.429937 10480.245961 10469.581616
32431.622281 32627.526030 33985.773408 31631.756658 32316.737036 35973.840156 34226.507916 34553.346331 34133.603452 34098.143106
80727.643926 81217.865202 84599.707621 78735.646483 80441.633117 89551.232216 85198.697071 86012.608493 84967.235611 84880.428992
163141.897981 164136.044761 170999.904160 159099.538290 162561.133571 181050.165050 172216.221196 173867.730261 171746.832778 171568.918937
260943.620893 262550.432173 273643.548507 254411.385992 260004.827747 289886.034609 275609.809394 278278.747540 274850.600627 274563.659745
371712.041802 374017.126882 389929.938486 362341.003612 370366.027877 413229.278864 392749.958556 396577.936617 391661.042074 391249.150185
469111.297849 472037.459186 492235.938811 457217.137649 467402.921861 521809.880485 495816.146465 500674.343064 494433.085737 493910.891866
537754.465210 541130.136561 564439.584571 524027.817473 535782.824852 598566.630126 568570.166497 574176.176428 566974.496469 566372.268838
566957.821205 570536.955972 595248.675189 552407.049339 564868.269050 631428.176157 599627.365161 605570.507562 597935.797358 597297.057383
538773.443864 542199.660742 565858.297064 524841.168622 536771.682552 600498.511126 570051.938576 575741.584383 568432.294801 567820.126776
447399.990212 450280.159081 470169.320217 435688.882455 445717.602547 499287.225791 473694.024102 478477.338626 472332.249116 471817.619000
330066.156819 332220.737466 347095.539232 321307.202311 328808.727740 368873.273208 349731.164017 353308.230143 348712.557347 348328.250779
238235.219050 239804.613375 250642.129591 231853.814302 237318.957392 266508.546968 252563.081415 255169.072670 251820.407313 251540.421933
161616.093443 162685.080331 170063.143966 157271.575398 160991.830140 180864.600624 171370.253148 173144.605942 170865.194391 170675.038102
103247.641279 103925.925287 108609.635309 100489.791637 102851.537467 115467.562083 109439.504974 110565.881572 109119.115101 108998.504523
65175.164508 65598.577180 68521.466161 63453.570775 64928.050506 72801.634606 69040.250877 69742.343614 68839.914257 68763.969268
35593.684173 35822.961163 37406.003386 34661.529131 35459.839632 39723.975243 37686.952386 38067.002005 37577.969269 37537.340795
15414.364437 15515.709439 16213.767053 15003.328862 15355.089088 17234.958918 16337.019171 16505.283053 16289.105649 16271.475097
7328.383705 7377.964890 7719.549164 7127.466242 7299.827672 8219.762929 7780.591521 7862.595992 7756.506387 7747.696116
3673.257078 3697.677501 3872.985941 3569.375855 3657.868945 4128.750802 3903.452482 3945.811438 3892.156157 3887.554957
2018.271483 2030.360789 2120.418746 1965.266627 2010.416841 2250.703178 2136.253827 2157.321270 2129.598155 2127.819530
491.486414 494.023840 514.980242 479.994614 489.429193 543.505050 517.912151 522.519376 516.859881 515.855814
1.257901 1.497829 1.380966 0.815347 1.579820 1.473963 1.431134 0.983583 1.881337 1.847911
0.171887 0.324599 0.214377 -0.010136 -0.345244 0.205215 0.327962 -0.076852 -0.170630 0.090902
-0.368673 0.281190 -0.304051 -0.200501 0.389645 0.332020 -0.277033 -0.129099 0.312118 -0.432628
0.262021 0.495061 0.054104 -0.150616 -0.004678 0.015222 0.029463 0.433845 0.127391 0.423477
5.398838 5.600712 6.192833 5.854093 5.730583 6.753767 5.471548 6.415590 6.182336 6.220990
295.239507 297.661878 312.084803 287.610719 294.162227 331.795265 314.250495 317.705278 313.268607 313.151692
2741.970448 2758.807619 2874.175985 2674.124264 2731.864127 3044.156815 2894.460177 2923.092331 2887.112167 2883.675547
9156.153830 9210.888307 9594.409893 8929.920379 9123.463764 10156.964608 9663.335867 9755.183560 9636.960272 9627.159644
26796.203920 26958.161897 28075.729589 26137.731976 26701.485184 29712.602355 28273.715362 28543.259330 28197.450298 28168.854676
62880.127722 63260.188122 65887.812829 61332.464230 62657.274718 69733.859937 66353.140493 66985.190658 66173.237588 66105.310767
115278.300802 115981.381532 120830.379945 112423.233854 114868.618363 127930.491946 121689.779073 122855.943761 121357.623152 121232.795884
181548.085865 182663.103773 190357.384792 177017.507267 180898.089261 201621.292091 191720.033409 193570.690538 191193.690461 190995.086409
245069.270823 246589.557531 257080.046503 238892.376294 244182.510116 272440.758949 258940.026777 261462.349463 258221.163545 257950.397745
293943.568168 295780.342532 308460.543846 286476.719111 292870.754385 327026.476246 310707.628512 313757.464116 309839.759943 309511.518113
309480.772191 311431.062793 324901.148980 301549.016922 308341.608046 344621.642712 327287.653524 330527.327566 326366.075365 326017.872433
277595.219299 279366.931985 291604.675733 270388.503280 276559.656217 309522.374706 293774.211043 296716.896935 292936.298904 292619.189532
211075.860324 212448.766329 221928.265215 205494.341769 210273.919844 235806.501923 223607.217357 225887.334573 222958.562271 222714.018566
150918.375853 151916.459968 158807.907193 146860.649219 150335.427688 168896.784444 160028.658320 161686.167978 159556.930279 159379.281148
107546.569822 108262.681374 113203.819862 104637.365261 107129.144481 120437.342318 114079.092697 115267.039684 113741.328414 113613.259242
75430.831800 75934.315193 79408.322064 73384.839753 75137.027958 84494.828280 80024.112751 80859.232337 79786.497896 79696.674773
48065.268726 48384.721305 50587.894230 46767.804935 47878.808323 53813.891486 50978.963939 51508.542356 50827.225778 50770.433751
28130.772460 28316.397914 29600.177336 27374.939271 28021.677136 31478.787108 29827.591640 30135.761910 29739.426538 29706.530888
15771.012011 15874.446135 16584.723937 15352.592689 15710.506400 17626.399777 16711.106579 16881.709397 16662.269799 16643.886292
5338.528308 5375.746984 5628.905527 5189.178217 5316.798318 6000.535186 5674.466454 5734.630179 5656.413823 5649.763392
2314.014022 2329.870238 2444.538432 2246.821041 2303.847639 2611.318989 2464.964287 2491.832397 2456.940892 2453.603307
1046.900413 1054.160591 1104.843233 1016.224978 1042.839577 1179.474786 1114.315091 1126.043716 1110.264699 1108.946468
386.538017 389.301984 407.497271 376.160375 385.282753 433.804138 411.357073 415.160412 409.821294 409.363664
8.685849 8.906429 9.399159 8.477504 8.677336 9.568904 9.415167 9.766480 9.491354 9.381447
-0.185541 -0.289203 0.146506 0.493075 0.493467 0.310691 0.024497 0.083222 0.421327 0.177079
-0.200634 -0.193971 0.495673 0.467133 0.279030 -0.313215 0.351449 -0.376799 -0.090803 -0.016217
-0.410278 -0.449089 0.298166 0.334935 0.312199 -0.342129 -0.464051 -0.037756 0.212891 0.010748
-0.070431 -0.384211 -0.422333 0.352628 -0.471976 -0.388082 -0.411995 -0.230896 -0.307589 -0.184548
0.185024 0.189449 0.060172 -0.259104 0.018677 0.265300 0.322652 0.578189 0.533629 0.322744
-0.232833 0.003518 0.102629 0.133009 -0.417717 -0.220600 0.322234 -0.086293 -0.071306 -0.028608
777.727930 782.293439 813.139586 759.313956 775.203511 858.492385 819.040243 826.357463 817.270459 815.968629
3005.375157 3023.078932 3145.330642 2933.062128 2995.217088 3324.537178 3167.014940 3196.446650 3158.832999 3155.595949
8967.999794 9021.181181 9389.706635 8750.697626 8936.545526 9928.346042 9454.196200 9542.952143 9429.713013 9420.104089
21148.872252 21276.371721 22152.401013 20632.641101 21075.203517 23436.030474 22308.226263 22518.446741 22248.079020 22225.020377
38579.624796 38813.196054 40428.927480 37627.868016 38442.993317 42794.071206 40715.538898 41103.847761 40604.403505 40562.548457
58579.788492 58939.998545 61422.987323 57117.951989 58370.037078 65059.430163 61863.630488 62460.269153 61693.949230 61628.930112
85007.035198 85533.213194 89170.885148 82865.295638 84698.970729 94496.573768 89815.718484 90690.792287 89566.395515 89472.200458
112698.452974 113396.941005 118219.533497 109859.376296 112291.241123 125280.192453 119073.959154 120233.824578 118743.742655 118619.277125
119763.716860 120512.203052 125677.702203 116721.882939 119327.285012 133240.379069 126593.251531 127835.451645 126238.893472 126105.585176
100732.185608 101373.233545 105802.058214 98123.728801 100357.892403 112286.475396 106587.234064 107652.427045 106284.102664 106169.831937
74527.729427 75011.922780 78359.418729 72556.290440 74244.686988 83259.917870 78952.552825 79757.611828 78723.492665 78637.491185
53763.207181 54119.360180 56576.681571 52315.660294 53555.220984 60173.957475 57011.943688 57602.461150 56843.584602 56780.398208
44356.475979 44649.060553 46672.774674 43164.268275 44184.743751 49636.044722 47031.382699 47518.541967 46893.058768 46840.923482
32810.786034 33030.328915 34545.320147 31918.397877 32682.777696 36763.692470 34813.756836 35177.979600 34710.243144 34671.404994
22236.522386 22384.970514 23409.168691 21633.294227 22149.498612 24908.251696 23590.831295 23836.927577 23520.474236 23494.312612
13348.206119 13435.478029 14040.688297 12991.383981 13297.246370 14927.501255 14148.349702 14293.987975 14106.854987 14091.575548
6702.606219 6747.071683 7052.695312 6522.231247 6676.543264 7501.525202 7107.740421 7180.850978 7085.980595 7078.703042
2116.739541 2131.192341 2229.808152 2058.360482 2108.646811 2375.656510 2247.914293 2271.912286 2240.683201 2237.902220
857.989784 863.616376 904.656560 833.928333 854.405999 964.006597 911.812388 921.376443 909.030388 907.611985
189.459114 191.197990 200.109858 184.358208 188.506482 214.415542 201.666205 203.917840 201.149685 201.019861
40.601036 41.823826 43.826691 39.149768 40.716574 47.052276 43.951842 45.249384 44.065227 43.612221
-0.255215 -0.203731 -0.020790 0.007069 -0.160237 0.495867 0.559606 0.642995 0.211863 0.659659
-0.179790 0.395018 0.395985 0.242838 0.169561 -0.291723 -0.461481 -0.153681 0.465493 0.243266
-0.355678 -0.452806 0.110389 0.333096 -0.213169 -0.122279 0.498378 -0.310077 -0.043043 -0.070142
-0.432504 -0.379234 -0.350681 -0.100007 -0.432087 0.338420 -0.186977 -0.486217 -0.468151 0.224739
0.228476 0.282002 0.493663 0.077950 0.413101 -0.245133 -0.036505 0.234284 -0.498603 -0.260751
-0.140774 0.232626 -0.110212 0.472836 0.438116 0.066435 -0.128236 0.025126 0.377196 -0.469195
0.174611 0.041459 0.447691 -0.180601 -0.154382 0.263057 0.208176 0.333645 0.066599 -0.037100
272.024497 273.750541 284.040969 265.720655 270.663216 299.772748 286.484555 288.356488 285.453649 285.469195
1344.649515 1352.638586 1407.071251 1312.882140 1339.715953 1486.787036 1416.708661 1429.224370 1412.381147 1411.386373
5044.747414 5074.087159 5280.042825 4923.796208 5027.653132 5581.223554 5316.672167 5365.636501 5302.170454 5297.317688
10949.791636 11015.062114 11466.309777 10684.458102 10911.700957 12127.690120 11547.157093 11654.933984 11515.480564 11504.500339
16035.634001 16132.002316 16802.032893 15641.203990 15979.031721 17782.401796 16920.359329 17081.420922 16874.797047 16857.170535
23644.896707 23788.448401 24785.640802 23057.949430 23560.429186 26243.933150 24961.307130 25201.688773 24893.939978 24868.129612
38466.029480 38700.365502 40314.841360 37515.945658 38329.866017 42678.037478 40600.074107 40989.090144 40490.068819 40448.679774
49824.150519 50128.344219 52231.629543 48585.987536 49646.811539 55309.208038 52603.506309 53109.296747 52460.152942 52405.912761
49665.350692 49972.852649 52098.451605 48414.034667 49485.885688 55210.330697 52475.155172 52986.204444 52330.162055 52274.762511
40423.122960 40678.936568 42443.081499 39384.288812 40273.844849 45026.921028 42756.156885 43180.912857 42635.552793 42589.954560
28159.220159 28342.634720 29609.544957 27412.651782 28052.081680 31464.788643 29834.218319 30139.393177 29747.585627 29715.261984
19881.298160 20011.803342 20911.668716 19351.799736 19805.359240 22229.776761 21071.478301 21287.259023 21009.519429 20986.577106
15481.132722 15582.600068 16285.093735 15067.434084 15421.751661 17314.622397 16409.756280 16579.035967 16361.451708 16343.360693
11132.818050 11207.933393 11729.285118 10825.896628 11089.216165 12491.518601 11820.772911 11945.873609 11785.841543 11771.531974
7128.813877 7178.069100 7517.915205 6928.278296 7099.554333 8014.273961 7577.521027 7659.088004 7554.744192 7545.888576
3211.921533 3235.516006 3394.748102 3118.343376 3198.532141 3628.125137 3423.106318 3461.625457 3411.794258 3408.092098
1352.920274 1363.701104 1432.906657 1311.854644 1347.428184 1536.071512 1445.394181 1463.010317 1440.960203 1439.241648
341.396992 343.598226 361.092880 331.313349 339.738470 387.203870 364.766762 368.672818 362.915131 362.821529
46.043748 46.936044 49.499818 44.870518 45.879836 53.290693 49.438999 50.107248 49.652181 49.410213
49.617895 50.096203 52.591846 48.083519 49.733753 55.753556 53.175898 53.630733 52.929575 52.321896
1.818820 1.291435 1.143549 1.047747 1.846027 1.512129 1.399197 1.468291 1.203692 1.981910
-0.233204 0.489172 0.013598 0.454481 0.403466 -0.122199 0.075632 0.198042 -0.364427 0.117371
-0.450724 -0.415597 -0.497606 0.471804 0.025177 -0.248129 0.061767 -0.337155 0.279012 0.283100
0.261268 -0.371839 -0.039862 -0.368585 0.030035 -0.224500 0.053629 0.371246 -0.433387 -0.117325
-0.293127 -0.362388 -0.163174 -0.353876 0.361128 0.342133 -0.023814 0.188368 0.100300 0.294961
0.450856 -0.435499 -0.079789 0.094274 -0.042583 -0.225749 -0.396588 -0.280539 -0.472799 -0.288692
0.377585 0.353239 -0.292285 0.429398 0.332994 0.021900 0.403587 0.453776 -0.345122 0.301320
-0.102863 -0.472765 -0.301648 0.112817 -0.090815 0.018522 -0.145143 -0.402678 -0.114641 -0.156683
0.238171 0.639899 0.505370 -0.251854 0.591195 0.036170 0.329586 0.127755 0.590641 -0.210459
151.812853 152.985805 158.320933 147.851078 150.928527 167.805515 160.244104 161.220921 159.508110 158.852851
519.696973 522.435028 542.979478 507.409581 517.718414 573.351342 547.015022 551.401196 545.743918 545.291749
643.929259 647.038786 673.462480 628.157959 641.158374 710.914138 677.613893 684.251257 676.239984 675.133959
1392.735812 1401.172813 1456.590693 1359.566958 1387.753398 1538.314480 1466.597950 1479.976244 1463.099728 1461.367401
3667.188447 3688.413640 3834.953730 3581.019310 3655.217407 4049.568944 3861.318177 3897.007137 3851.646422 3847.428171
5185.508234 5216.557639 5428.679891 5059.989203 5167.630623 5740.352313 5466.882571 5518.238020 5452.453025 5446.781248
5417.606533 5450.235326 5676.494885 5283.836826 5397.922146 6008.180148 5716.803779 5771.426076 5701.397006 5695.578177
3767.597571 3791.062347 3955.900937 3670.045792 3753.956237 4198.183456 3986.004260 4025.514847 3974.545356 3969.809866
5262.347358 5295.215935 5524.588364 5126.981142 5243.193285 5859.314692 5564.414777 5620.155307 5549.562969 5543.122443
4084.274041 4110.296102 4291.323704 3977.666323 4069.313992 4556.359047 4323.746206 4367.472355 4310.879101 4306.664571
2985.233652 3005.926884 3142.385795 2905.080866 2973.509808 3344.492396 3167.167248 3200.104617 3158.266935 3154.062413
3437.441446 3460.476608 3620.287841 3342.666151 3423.284272 3853.961932 3648.061196 3686.404346 3637.332670 3633.520067
2736.056429 2754.327262 2886.130519 2658.499564 2724.727519 3077.807032 2908.934196 2940.834853 2900.262859 2896.548286
1013.814616 1021.250646 1072.572209 984.027710 1009.750280 1148.125012 1082.565132 1094.584082 1078.444867 1077.470629
317.123182 318.913355 334.780258 307.556816 315.178502 357.973402 337.728774 341.553875 336.430508 336.585240
67.644159 68.350550 71.626181 65.154406 66.867543 75.977571 71.753694 72.913515 72.015391 71.362800
-0.208963 -0.327722 0.365354 0.058394 -0.048071 0.400321 0.348972 -0.114886 0.399646 0.441450
-0.015552 0.476019 -0.367578 -0.001678 -0.240769 0.017392 0.256061 0.398705 0.491051 0.336853
-0.479393 0.359444 -0.135815 0.148442 0.426594 -0.248491 0.254772 -0.459477 -0.075427 -0.064945
-0.493310 -0.446033 0.314527 0.486277 -0.245243 -0.423907 0.448975 0.243483 -0.459062 0.075080
0.192973 0.131485 0.262986 -0.164265 0.492383 0.497750 -0.135202 -0.109232 0.217313 0.436498
0.450756 0.195391 0.445002 -0.365001 0.289211 -0.040121 0.380050 -0.212434 0.315252 0.071657
-0.361608 -0.493386 0.097815 -0.470713 -0.438614 -0.345296 -0.190266 0.298218 -0.275165 -0.444857
/biases10.641237 0.405924 0.568246 2.265938 0.572989 0.731983 0.448183 0.545346 0.307260 0.658143
/weights13845885.168055 3917796.516232 3836845.684327 3841906.573330 3888962.210989 3903164.603523 3860246.756041 3855961.682763 3845769.688285 3870791.741251
3861672.482494 3934375.613926 3852712.775687 3857904.910194 3905170.632202 3919459.585989 3876241.786619 3872071.829731 3861558.904930 3886893.791339
3970674.690563 4048845.567647 3962261.430351 3968362.209214 4017076.668725 4031964.200936 3986678.213901 3983298.314874 3970575.282460 3998063.916381
3781699.106073 3850389.115688 3772337.163663 3776862.024184 3823064.268134 3836914.297293 3795216.980612 3790462.677873 3781573.291588 3805326.628000
3836666.666595 3908113.795111 3827579.026640 3832563.663737 3879496.230061 3893648.851791 3850906.634203 3846553.283384 3836547.971808 3861388.235062
4130263.323010 4216445.462025 4122652.073176 4130084.657846 4180921.872176 4196684.809118 4148366.882425 4146150.155327 4130188.522473 4160833.097221
3989991.493710 4069133.779231 3981676.016587 3987939.605074 4036910.252655 4051903.747315 4006249.368223 4003012.827527 3989896.242772 4017768.264445
4016206.727034 4096664.280250 4008022.482510 4014504.209511 4063824.269939 4078960.960364 4032809.520681 4029764.801501 4016114.538303 4044506.224874
3982529.806926 4061297.126639 3974176.117381 3980376.982480 4029248.966077 4044201.677691 3998688.923823 3995398.346779 3982432.946130 4010158.297350
3979710.009458 4058339.064298 3971344.374434 3977521.102181 4026355.915151 4041292.767816 3995834.799444 3992522.767033 3979615.669077 4007282.813849
/