biases00.140156 -0.221789 -0.0693329 0.108945 -0.264788 0.416356 -0.203756 -0.0912423 -0.158398 0.162869 
/weights0-0.415296 0.230135 0.396803 -0.459972 -0.20757 -0.212094 -0.0406826 -0.479309 -0.0667334 0.0166238 
-0.37029 0.400989 0.312795 0.32099 -0.391429 0.3044 -0.346399 0.323308 0.356744 0.417678 
0.388972 -0.38579 -0.198539 -0.161694 -0.48867 0.127794 -0.146395 0.480706 -0.062225 0.276946 
0.0650104 -0.484069 0.481461 -0.0320243 0.423929 0.216025 0.0307044 -0.0871035 -0.0168437 0.0333316 
-0.339303 -0.0836401 0.0370945 0.314015 -0.235514 0.148864 0.253672 -0.49507 -0.149538 0.110672 
0.386943 -0.485088 -0.188887 0.468907 -0.0970043 -0.284614 -0.097214 0.112426 -0.35846 -0.298268 
-0.00156321 0.281248 -0.302247 -0.475885 0.0444341 0.129013 0.34098 0.350576 -0.044454 -0.205972 
-0.264457 -0.0610895 -0.350554 -0.361701 -0.415574 0.456762 0.320515 0.00629721 -0.282262 0.126 
-0.0168202 0.0120215 -0.494728 -0.218297 -0.482417 -0.246847 0.159288 0.229046 -0.0976272 -0.296392 
0.0259187 0.00360903 0.312603 0.123438 -0.170548 -0.48596 0.0868306 -0.447322 0.20109 -0.022991 
0.127001 0.127619 0.419942 -0.0214334 -0.00496113 -0.195485 0.315681 -0.236838 0.126635 0.139444 
0.273226 0.406492 0.358258 -0.133244 -0.224579 0.404888 0.385025 -0.222128 0.249424 -0.155526 
0.201621 0.0999743 0.202096 -0.474018 -0.148437 0.345441 0.306804 0.365387 -0.375133 -0.397117 
-0.436948 -0.25362 0.167841 0.38782 -0.103025 0.390397 0.0954049 0.245795 -0.394239 -0.201337 
-0.448479 0.256156 -0.0400301 0.080871 -0.394739 0.303947 0.0430802 0.209543 -0.262951 0.060381 
-0.18867 -0.276574 0.449691 -0.285997 -0.407542 0.315915 0.182261 -0.317985 0.0599367 -0.27566 
0.0205618 -0.359805 -0.17031 0.260368 -0.379154 0.208932 -0.339418 0.285938 0.144277 -0.00482132 
-0.482195 0.000208358 0.03237 0.0627315 -0.250356 0.202647 -0.0915012 -0.353504 0.32141 -0.350617 
-0.0494762 0.498196 0.410561 -0.0654568 -0.43011 -0.0534739 0.0935024 -0.0748829 -0.0916993 -0.39134 
0.0360691 0.246957 0.0335022 -0.291247 -0.425166 0.416132 0.281279 -0.473322 -0.461336 -0.470211 
0.417839 0.205742 0.437587 -0.3921 0.0316546 0.366983 -0.289878 0.474194 0.306788 0.00490891 
0.0162183 -0.134204 0.0934501 -0.200079 0.497165 -0.255432 -0.436253 -0.25665 0.390003 -0.373749 
0.246958 -0.186938 0.174977 -0.150996 0.289028 0.302342 -0.254702 0.357999 -0.0848313 -0.00253562 
-0.0305902 -0.13574 -0.0192298 -0.424928 -0.401918 -0.378853 0.0776276 -0.042304 -0.240222 0.125322 
0.473396 -0.26178 0.430779 0.172539 -0.340719 0.289316 -0.0195421 0.0710142 0.276775 0.28471 
-0.108869 -0.24446 -0.308664 0.179615 -0.0388359 -0.135433 0.109083 0.238879 -0.28084 -0.0404922 
-0.198369 0.357392 -0.0358976 -0.304582 -0.0305077 0.272289 -0.370194 0.322504 0.453857 0.302689 
0.362431 -0.232479 0.0546634 -0.00141722 -0.26117 0.13484 -0.163923 -0.112547 -0.269412 0.0713624 
0.436691 -0.471842 0.189202 0.21808 0.253991 0.128916 0.405399 0.329527 -0.330028 0.412201 
-0.336685 0.451889 -0.473843 0.254029 0.3836 0.02542 0.458587 0.404012 -0.314842 -0.154828 
-0.370142 -0.0254895 0.293883 0.206453 -0.357378 -0.316605 -0.0656766 0.0467192 0.0260314 0.287196 
-0.191419 0.0803904 -0.155206 -0.280709 0.0653021 -0.478974 -0.241593 0.398528 0.228864 0.251644 
0.475677 -0.0533319 -0.499128 -0.152234 0.450608 0.486338 0.21371 -0.0180154 -0.408896 0.010158 
0.144581 -0.473178 -0.304549 0.308049 -0.0369303 -0.336219 0.102948 -0.410928 0.464188 -0.22073 
-0.293093 -0.192767 0.467535 -0.351108 0.176633 0.300175 -0.302059 0.323741 -0.0510965 -0.244366 
-0.2484 -0.0212231 0.306978 0.367175 -0.477924 0.234889 0.422108 -0.268782 -0.13723 -0.433274 
-0.0979784 0.00534295 -0.329558 -0.47076 0.0717051 -0.12552 -0.0123088 -0.078378 -0.271485 -0.422393 
-0.334217 0.21179 0.378929 0.0735499 -0.299854 -0.32307 0.499065 0.351229 -0.442063 0.119353 
-0.0172127 0.487662 0.296562 -0.49723 0.4966 -0.0390494 -0.425438 -0.476464 0.320758 -0.373348 
0.349565 0.065913 0.0116853 0.0558771 -0.378429 -0.411119 -0.443855 0.48063 -0.241846 0.2745 
0.453135 0.350598 0.103138 0.0603324 -0.375494 0.352918 -0.0160593 -0.207913 0.257833 -0.154819 
0.132433 -0.0351963 0.282997 -0.206991 0.300378 -0.508036 -0.142304 -0.208541 -0.0881928 -0.219899 
-0.334782 0.23708 0.347493 -0.0671595 -0.112225 0.398638 -0.35302 0.208902 -0.0107948 0.018984 
-0.111976 -0.036981 -0.242415 -0.200117 0.127563 -0.391441 0.444294 -0.467563 0.386319 -0.240078 
0.271955 -0.475288 -0.155056 -0.135839 -0.120322 -0.14926 0.105092 0.47301 0.109008 -0.0451239 
-0.0603114 0.379943 0.000972938 0.246306 -0.189049 0.0772302 -0.345911 -0.473277 -0.020155 -0.0879298 
-0.0668809 0.424154 -0.301228 0.187818 -0.267561 -0.494272 0.370124 0.104694 -0.102076 0.0858222 
-0.43519 0.47294 -0.102252 -0.427745 -0.388319 0.406224 0.0223187 -0.375888 -0.266161 0.0639136 
0.408576 -0.443525 0.202874 -0.307617 -0.24591 0.494388 0.500873 -0.173112 0.35805 -0.160164 
0.167906 0.441645 -0.298089 -0.218747 -0.32854 0.067609 0.331176 -0.203975 -0.250737 0.148108 
0.0819 -0.444243 -0.301371 -0.141736 -0.0484204 0.039314 -0.236015 0.188049 -0.497567 0.174255 
-0.105739 -0.129042 -0.0759479 -0.026359 -0.246883 -0.481916 0.370613 -0.0439067 0.0941004 -0.178041 
-0.366618 0.00856164 0.380031 0.14765 0.129986 0.248727 -0.295544 0.15746 0.323822 0.309061 
0.163826 0.105609 0.412208 0.449433 0.295119 0.195092 -0.193258 0.227023 -0.367702 0.477105 
-0.0294666 0.394797 -0.00184206 -0.0775127 -0.344469 0.0838305 0.448194 0.0732438 -0.160139 -0.448804 
-0.295838 0.30241 -0.0635398 0.4879 0.0756466 0.0966167 0.107272 -0.256601 0.111738 -0.459353 
-0.254443 -0.39143 0.206162 -0.343106 -0.226781 -0.00154068 0.337312 0.0974114 -0.161959 -0.307036 
-0.33418 -0.350046 -0.287769 0.216992 0.0130707 0.00600065 0.369725 0.0927971 0.0740336 -0.492239 
0.242736 0.188691 -0.191835 0.375995 0.162553 -0.425821 0.432627 -0.0168409 0.40461 -0.109475 
0.482117 -0.309291 -0.167961 0.174005 -0.0763721 0.487392 0.123769 0.291406 0.194879 0.166303 
-0.316039 0.474876 -0.091449 -0.0845193 0.25013 -0.488102 -0.423628 0.166559 -0.170583 0.119914 
0.465369 -0.126297 0.451202 0.248994 -0.292026 0.416333 -0.480873 -0.145295 0.27791 0.0277077 
0.12582 -0.404346 0.421214 -0.485666 0.0146737 0.0479055 0.227776 -0.157014 0.355365 -0.388839 
-0.228048 0.0943739 0.441892 -0.387129 -0.470395 -0.28831 -0.0147106 0.296395 0.36653 -0.171918 
-0.372574 -0.405673 -0.334966 -0.288006 -0.318194 0.447829 -0.258697 -0.390663 -0.463009 0.496464 
-0.235341 0.434174 -0.160031 -0.445472 0.358102 -0.0374181 0.415917 0.186448 -0.199268 0.314885 
0.433759 0.212335 0.423568 0.117314 0.373345 -0.421603 -0.448099 -0.321771 0.468618 -0.356109 
-0.461761 -0.193108 -0.042498 0.396261 0.0420562 0.357078 -0.404766 -0.320517 -0.197529 0.154748 
0.373751 0.172946 0.0972788 -0.296443 -0.173217 0.294416 -0.384147 0.0107739 0.196219 -0.445467 
-0.155143 -0.444417 0.26081 0.0943021 0.268937 -0.167963 0.470706 0.408265 0.361709 0.100471 
-0.28841 0.00627803 -0.132747 0.38931 -0.366266 0.159761 -0.210145 0.357609 -0.459442 -0.162936 
-0.194992 -0.230489 0.275114 0.161984 -0.454967 0.412494 -0.132109 -0.444982 -0.379858 0.113943 
-0.130285 0.439404 -0.118579 -0.340084 0.402591 0.457809 0.372718 0.487204 -0.0848779 -0.404966 
-0.272001 0.0598796 -0.155589 0.11066 -0.412051 -0.00561006 -0.316122 0.404087 -0.426616 0.304769 
0.386039 0.204274 0.37634 -0.368895 -0.240271 0.362175 -0.0342261 0.32557 0.420337 0.0724019 
-0.0310979 0.17234 -0.0029344 -0.434542 -0.275758 0.0373957 0.199942 -0.106194 -0.265709 0.0426737 
0.063784 -0.352028 0.282006 0.235575 -0.348732 0.166322 -0.254532 0.0575877 -0.358657 -0.421411 
-0.127142 -0.213831 -0.261829 0.195473 -0.471582 -0.2043 0.362451 -0.388627 -0.187212 0.117119 
-0.333719 -0.464874 -0.46467 -0.0323245 0.0409733 -0.00766468 -0.39984 -0.480535 0.0691575 0.130468 
0.021359 0.272393 0.0439448 -0.214689 0.140909 0.155107 0.0350637 -0.00724343 0.389682 0.170379 
-0.346981 -0.23145 -0.193796 0.324935 -0.329405 -0.055065 0.104009 -0.170574 -0.315383 0.281096 
-0.00963047 -0.113565 -0.0557141 0.484152 -0.163578 -0.287526 -0.240116 -0.19068 -0.00919402 -0.415455 
0.110387 0.440532 0.381516 0.426511 0.456692 0.243485 -0.196679 0.446371 0.00453133 0.159156 
-0.32988 -0.430153 0.102329 -0.256787 -0.363959 -0.283996 0.402247 -0.333903 0.490497 -0.212452 
0.3751 -0.205572 0.0552193 0.121726 -0.00394167 -0.39296 0.237386 0.483695 0.382109 0.211812 
-0.243012 0.00244287 -0.374132 0.453031 0.411463 -0.421124 -0.449679 0.205822 -0.440494 -0.429157 
-0.269191 0.123672 -0.422795 0.263653 -0.14894 -0.115718 0.494614 0.21972 -0.0226883 -0.368367 
0.407205 0.00543926 -0.285596 -0.307376 0.192206 -0.330021 0.0664782 0.388008 0.473871 -0.355816 
0.36917 0.0663877 0.135277 -0.190862 0.245046 -0.25627 0.412099 0.208117 -0.140075 0.124854 
0.182306 0.323468 0.280557 -0.226756 -0.481074 -0.113406 0.329901 -0.296218 0.287687 0.156611 
0.00463713 0.229738 -0.354762 0.218272 0.324183 0.13875 0.455378 0.0851978 -0.109288 0.214603 
0.112812 -0.0538925 -0.06406 0.0754074 0.0771435 -0.341259 0.286153 -0.417704 -0.324318 -0.401196 
-0.152156 -0.117367 0.0139947 -0.453077 -0.0519709 -0.372067 0.400841 -0.179581 0.112133 -0.15233 
0.423277 -0.470252 -0.43953 0.312198 0.27579 0.317737 -0.154925 -0.12295 0.180961 0.109413 
-0.413959 -0.0706975 -0.382257 0.363042 0.158004 0.352557 0.0203613 0.215505 0.408439 -0.430958 
-0.22232 -0.0936126 0.0834135 -0.456125 0.540185 -0.176083 0.298155 0.197298 0.0425289 -0.327715 
-0.538683 -0.307759 0.523899 0.143017 0.547689 -0.181939 0.272037 0.100162 0.435241 0.170968 
-0.412279 -0.192382 -0.0508696 -0.492626 0.448075 -0.159583 -0.173788 0.0440688 0.187319 -0.0125882 
0.262155 -0.171802 0.517977 0.219652 -0.34195 0.0279635 -0.120917 -0.462241 0.365779 -0.0243782 
-0.37115 0.0218655 0.365438 -0.0525212 0.253449 -0.239622 -0.0839764 -0.29507 0.362805 0.405692 
0.192577 0.137598 0.306259 0.125195 -0.174185 0.445029 0.130704 0.354491 0.285912 -0.0881538 
0.118904 -0.439443 -0.48007 -0.332035 -0.302071 -0.344997 0.278307 0.00390532 0.0722092 -0.0239699 
0.0870884 -0.120158 -0.326152 -0.408892 0.25061 0.0525909 0.415879 0.445614 -0.292349 -0.449359 
-0.510576 0.0410216 -0.26387 0.231797 -0.459194 -0.349907 0.00708117 -0.179505 0.280244 -0.210761 
-0.353658 -0.284115 -0.253382 -0.199991 0.105092 0.309371 0.118991 -0.488074 0.064647 -0.122407 
0.392134 0.154526 -0.141378 -0.481804 -0.115898 -0.480352 -0.256788 0.295768 -0.0840601 -0.370039 
0.314955 -0.27945 0.105733 -0.0526496 -0.379009 0.416672 0.351387 0.0383496 -0.481619 0.47972 
-0.460184 0.121974 -0.105942 -0.48872 -0.15333 -0.282768 0.0186896 0.0301474 -0.0578677 0.126003 
0.28108 -0.0459137 0.0179629 0.387171 -0.263654 -0.297781 -0.0742945 -0.408224 0.349134 0.380372 
0.207532 0.052498 -0.322788 -0.0305707 -0.0655742 -0.061161 -0.336868 0.498288 -0.137461 0.177034 
-0.0453032 -0.405853 -0.399076 0.403998 -0.141909 -0.246986 -0.351242 0.089273 0.0632132 -0.106574 
-0.204787 -0.0106151 -0.479047 0.226224 0.348888 -0.0776321 0.497768 0.0188944 -0.443061 -0.404401 
0.468546 -0.140972 0.0201886 0.377047 0.251327 -0.152095 -0.157138 -0.361555 0.246761 0.449776 
-0.168339 0.091435 -0.483383 -0.348255 0.143297 -0.213065 -0.239093 -0.340992 0.0572631 0.449606 
0.066454 -0.0792479 -0.0933606 0.403759 -0.492979 0.390291 -0.00091203 -0.242659 0.13619 0.425632 
-0.012127 -0.496995 -0.490252 0.0549753 0.0413081 -0.457177 0.139618 0.0226732 -0.244932 -0.438379 
-0.433623 0.455147 0.464085 -0.0752221 -0.340384 0.234787 -0.376217 0.407077 -0.331985 -0.161896 
-0.0916519 0.269392 -0.369274 0.128251 -0.422943 0.227397 -0.340664 0.349636 0.182127 0.373418 
-0.0252762 -0.284316 -0.478313 -0.17358 0.51513 0.387898 -0.0967143 0.0298067 -0.0920111 -0.479389 
0.294191 0.40363 0.170567 -0.327378 -0.433679 -0.0700912 0.0593027 -0.259771 0.190509 0.0477555 
-0.347854 -0.230032 0.308739 0.355215 -0.0311227 -0.157979 -0.420998 -0.10106 0.116019 0.0186542 
0.337987 -0.0536644 0.427613 0.248686 0.442683 0.299911 0.401067 0.212893 -0.0957506 -0.23594 
-0.509598 -0.264244 -0.0149075 -0.0297244 0.473852 -0.439789 0.205267 0.408568 -0.00175421 -0.372509 
-0.0377024 -0.255502 -0.0134589 0.399137 0.0612388 -0.398184 0.140773 0.286359 0.390982 -0.172915 
-0.100933 -0.10515 -0.423891 0.179582 0.555099 0.132358 0.0907067 0.0786371 0.563026 0.29226 
-0.042256 -0.490476 -0.279727 0.442874 0.128586 -0.193541 0.164949 -0.402473 0.108435 0.291976 
0.329855 -0.15055 -0.252184 0.468574 0.37697 -0.349983 0.0396714 0.363807 0.228982 -0.16221 
-0.0951803 0.422711 -0.262922 0.170451 -0.155383 -0.226092 0.209611 -0.0544568 -0.0642894 0.00445484 
-0.119733 -0.178431 0.222416 -0.176396 0.193746 -0.299104 -0.000507282 0.366268 0.510611 -0.436627 
-0.0803817 0.319122 0.259636 0.467288 0.243864 -0.195563 0.0548691 -0.0881808 0.0081669 -0.169956 
-0.268874 0.488342 -0.436518 -0.367019 0.432395 -0.165506 0.0935397 -0.39852 0.283529 -0.286048 
0.0381534 -0.368836 0.0221637 -0.468551 0.280675 0.207629 0.307418 -0.00760012 -0.283032 -0.229124 
0.272359 -0.289902 0.116949 0.211315 0.199943 -0.382508 0.222614 0.282818 0.322252 -0.118407 
0.293356 -0.478481 -0.227625 -0.394062 -0.524692 0.195385 0.339619 0.341624 0.014447 -0.0509597 
0.119421 -0.304742 0.470173 -0.240764 0.258709 0.0666893 0.223965 -0.17771 -0.110097 0.238355 
0.163884 0.0282661 0.0399859 0.329954 -0.0139828 0.175194 -0.371399 -0.104971 0.0849549 0.239414 
0.141045 0.0154133 0.0175585 -0.390106 0.436539 0.161622 -0.464749 -0.184295 -0.456273 -0.178236 
-0.0514826 0.123224 0.125997 0.397852 0.30765 0.104123 0.0913711 0.321373 0.0045146 0.0357 
-0.125519 0.434771 0.287928 0.353445 -0.434862 -0.027092 0.420676 -0.192761 -0.252079 0.238716 
-0.353792 -0.0321778 0.188818 0.460744 -0.305199 0.026495 0.299949 -0.278121 0.360852 0.498497 
0.0951364 0.256839 -0.389128 0.00202438 0.100521 0.311615 0.0894856 0.403835 0.422214 -0.421505 
0.265485 -0.208233 0.168833 0.401921 -0.2713 -0.124906 -0.0444631 0.327641 -0.427404 0.0341656 
0.124641 -0.168345 -0.319325 -0.276823 0.198952 0.048692 0.0222505 -0.382729 -0.336942 0.047243 
0.143709 -0.0653417 0.282079 0.364598 0.176257 -0.484029 0.321233 -0.362756 -0.164692 0.076564 
0.415364 0.464314 0.180486 -0.357651 -0.143253 0.463804 0.18551 0.268082 0.192486 0.13358 
0.356368 -0.290131 0.26408 0.0056831 0.0173411 -0.324675 0.335216 0.231619 0.391467 -0.086188 
0.142231 0.124022 0.354471 -0.171595 -0.284927 0.00330038 0.333113 0.458247 0.141634 -0.213 
-0.0991052 -0.188721 0.299857 0.174795 0.368653 -0.365118 0.343631 -0.113415 0.409637 -0.4258 
-0.0849419 0.0565713 0.466274 -0.126196 0.392265 -0.0735717 -0.335295 -0.0999221 0.274203 0.340223 
-0.0602692 0.00823837 0.416674 -0.3264 0.327498 0.00289557 0.455898 -0.403113 0.0092757 0.0829213 
0.0644831 -0.178441 0.146901 -0.122935 0.25141 0.0378555 -0.144753 0.00718301 0.427423 -0.541681 
0.376967 0.150256 0.331074 0.4034 0.519337 -0.126637 -0.300564 -0.355159 -0.0128399 -0.284557 
-0.405615 0.232088 0.213826 -0.355171 0.495833 -0.140287 0.266104 -0.149069 -0.107837 -0.144408 
-0.139416 0.00430253 0.0619023 -0.277193 0.300336 -0.485954 0.220984 0.301662 0.312482 -0.0652594 
0.237097 0.373616 0.43164 0.448745 -0.174759 -0.344189 0.249803 -0.2631 0.332392 0.180865 
-0.665895 0.0564967 -0.320511 -0.171212 0.343578 -0.257119 0.330565 0.24365 0.275749 -0.344642 
-0.0607784 -0.308017 -0.231793 0.0508483 0.41342 0.430304 0.296267 0.391989 0.422086 -0.584072 
-0.066754 0.267698 -0.20573 -0.265488 -0.247395 -0.146429 0.612384 -0.0036734 0.171518 -0.418449 
0.0658548 -0.398459 -0.512706 -0.00692977 -0.43625 0.215988 0.0546826 -0.350482 -0.0449544 -0.264951 
-0.0262888 0.132502 -0.0146152 -0.191237 0.305107 -0.000441133 0.243516 -0.129871 -0.0329158 0.317481 
-0.667722 -0.446131 -0.0477325 -0.178851 -0.222679 -0.199762 -0.0186518 -0.182229 -0.219756 0.06982 
0.344678 0.339278 -0.209696 -0.285557 0.326358 -0.350381 -0.150342 -0.461388 0.242098 0.277009 
-0.528608 0.377707 0.15204 0.106909 -0.260161 0.165102 -0.251421 0.257766 -0.344352 0.280337 
-0.311329 -0.249862 0.436057 -0.113569 -0.417241 -0.004575 -0.136477 -0.00394266 0.229604 0.455271 
0.42467 -0.173504 0.277365 -0.317744 0.434262 -0.0548788 -0.345672 0.451256 -0.29364 -0.164959 
-0.0850827 -0.162078 -0.0102333 -0.26564 0.129427 -0.348838 -0.442949 -0.315017 0.191495 0.0806722 
0.087388 -0.126611 -0.101888 0.317384 0.338555 0.30448 -0.348643 0.497536 -0.0833921 -0.397566 
0.111357 -0.138202 -0.173222 -0.317021 -0.209649 0.107422 0.349378 0.20317 -0.309301 0.289505 
-0.396972 0.214 -0.48001 0.479363 0.210615 0.267869 -0.137022 0.420926 -0.415058 -0.284188 
-0.329515 0.095267 -0.352635 -0.153599 -0.414907 -0.139262 0.198782 -0.255089 0.39502 0.351399 
-0.00372166 0.0969631 -0.0405954 -0.234895 -0.249342 -0.355842 0.359167 0.463277 0.445493 -0.230897 
-0.0212215 0.439281 0.177833 0.287635 -0.0184711 0.183299 -0.243231 0.223317 0.390256 0.212349 
0.357975 0.42307 -0.0172264 -0.0713085 0.284291 -0.144061 -0.043343 -0.456921 -0.095677 0.141192 
-0.246481 -0.140714 -0.411698 0.415062 -0.250359 -0.296989 0.176369 -0.278598 0.413477 -0.471724 
-0.448006 -0.115235 0.227229 -0.230815 -0.374023 0.288296 0.206647 0.384616 0.0576234 0.374968 
0.0139608 -0.314971 0.240266 0.154916 -0.220497 0.127546 0.202979 0.387389 0.0403633 -0.318096 
0.0478167 0.0243752 -0.235196 0.351856 -0.184982 -0.333701 -0.240224 -0.0990172 -0.0373461 -0.529383 
0.0934336 -0.0950241 -0.294902 0.118317 -0.284877 -0.182882 0.28527 0.0524788 0.419638 0.280524 
0.0972215 0.150268 0.144819 -0.443241 0.442859 -0.228744 0.150307 0.347114 0.245277 -0.567763 
0.354656 -0.349394 -0.024617 0.0712921 -0.0706377 -0.361778 0.40398 0.44963 0.0523966 0.169819 
0.449074 -0.105936 -0.273293 0.211923 -0.415759 -0.354895 0.311821 -0.0894584 0.698145 0.133078 
-0.170215 -0.223219 0.0509458 0.117553 0.353346 -0.2716 0.133242 -0.375421 0.207989 -0.286823 
-0.0554289 -0.352899 -0.190234 0.0737132 0.190293 -0.0507387 -0.0646239 -0.0560383 0.0714119 -0.447835 
0.426316 0.307004 -0.0177793 0.020697 0.308041 -0.385591 0.361093 0.337817 0.295999 -0.342201 
-0.211944 -0.351571 -0.494717 -0.0231157 0.0349479 0.0434993 0.422225 -0.0111946 0.551096 -0.484416 
-0.0843929 0.0696339 -0.34444 0.425069 -0.435492 -0.245026 -0.161201 0.0774281 0.226252 -0.381945 
-0.0846126 0.44005 -0.233536 -0.0596151 0.309489 -0.409947 0.125022 -0.0876328 0.491432 -0.117706 
-0.120883 0.226252 0.179076 -0.15996 0.220782 0.111861 0.0923194 0.510144 0.366489 -0.0151478 
-0.0226258 0.158406 -0.190014 0.498507 -0.171524 0.112675 -0.195995 -0.449485 -0.0437623 -0.111107 
0.0514771 0.202941 -0.302243 -0.455269 0.372421 0.0388464 0.0134969 0.113212 0.221555 -0.121783 
0.0690341 0.472131 0.176052 -0.372229 0.230005 -0.283606 0.257612 -0.325912 -0.119522 0.311237 
-0.029406 0.053721 0.234815 0.495734 0.142183 0.232963 -0.186376 -0.202047 -0.0338398 0.32301 
0.345814 0.331528 0.145739 0.20309 -0.41191 0.243676 0.498253 -0.334607 -0.329662 0.52611 
0.0708136 0.164087 -0.341753 -0.260013 -0.218635 -0.170452 0.275877 0.300569 0.401049 0.0474133 
-0.00246784 0.219533 -0.216754 0.390371 0.0211416 0.331434 -0.0466676 0.180557 0.16015 -0.143135 
0.17139 -0.179774 0.0761421 -0.453908 -0.200922 0.332518 0.101335 0.370031 -0.245203 -0.430677 
-0.0559811 -0.172673 0.150326 0.422972 -0.225701 -0.427886 -0.239595 -0.410814 0.135897 -0.305841 
-0.174099 -0.480667 -0.0286037 -0.483888 -0.312096 0.203387 0.353916 0.343934 -0.433239 0.441167 
0.136541 0.434915 0.49158 -0.3985 -0.478778 -0.127369 0.259338 0.336833 -0.423819 0.245289 
-0.045844 0.294179 -0.112015 -0.234229 -0.29143 -0.278981 -0.363669 0.22604 -0.176336 0.459082 
0.187628 -0.165022 0.0784792 0.368151 -0.418218 0.055268 -0.130296 0.356075 0.123082 -0.0362902 
-0.118879 0.331236 0.0743865 -0.0734068 -0.44234 -0.104563 -0.0770223 -0.0869727 0.0231554 -0.0495455 
-0.108307 0.365495 0.154072 0.128426 0.16388 0.192636 0.495391 -0.178824 0.566514 0.380527 
-0.0392132 -0.361179 -0.489556 -0.479221 -0.000364967 0.00361496 -0.260804 0.373898 0.00151821 0.0476477 
0.209136 -0.402648 0.106613 0.249416 -0.254441 0.25524 0.506893 -0.501131 0.532516 0.195735 
-0.363637 0.256706 -0.14216 0.117323 0.0678258 -0.622405 0.171595 0.331132 0.376455 0.0976414 
0.31502 0.445768 -0.0149294 -0.386783 -0.564747 0.0383051 0.0557328 0.19535 0.583076 -0.0244034 
-0.17177 -0.191219 -0.227643 -0.401627 0.443331 -0.606829 0.490362 -0.251424 0.706408 -0.427136 
0.30607 -0.219401 -0.2495 -0.41638 0.331257 -0.66793 0.22114 0.12288 0.1452 0.0169176 
0.446752 -0.29908 -0.397367 0.10941 0.39471 -0.577186 0.151263 -0.0558689 0.168124 0.304096 
0.231247 0.17242 -0.138998 -0.15666 -0.366555 -0.38373 -0.070191 -0.0308006 0.458159 -0.123942 
0.712935 0.155888 0.313843 -0.104659 0.396656 -1.02809 0.236938 0.264763 0.065648 0.357523 
0.200082 -0.350985 -0.119417 -0.3848 -0.125247 -0.243699 0.205109 -0.240624 -0.174174 0.299635 
0.293231 -0.130242 -0.529638 0.166925 -0.382979 -0.621549 0.105312 0.213723 -0.113049 0.436766 
0.279465 -0.0689747 -0.0209519 0.181132 -0.428699 -0.205066 -0.0306755 0.180844 0.336439 -0.0480878 
-0.175854 0.0825957 -0.312952 -0.253501 -0.0742654 -0.174468 -0.0474828 0.243515 -0.0662763 -2.38441e-05 
0.30424 0.0564229 -0.327765 0.22837 -0.300202 -0.368592 -0.0599581 0.00641172 0.0771766 0.226117 
-0.158563 -0.413723 -0.146128 0.0336425 0.0565312 0.115479 -0.137333 -0.345468 0.159872 0.0867861 
-0.304419 0.41256 0.0669942 -0.174386 0.167076 0.236867 0.0808388 -0.329264 -0.143316 -0.0398302 
-0.0983618 -0.422871 0.111056 -0.412731 -0.517334 -0.414763 0.500229 0.149252 -0.0617365 -0.255971 
-0.421848 -0.410003 -0.134249 0.374513 -0.327036 0.128923 -0.273059 -0.240536 0.376872 0.25915 
-0.504263 -0.174069 -0.362392 -0.214438 0.117614 -0.182893 0.298665 -0.20751 0.117427 0.0134608 
-0.174962 0.356813 0.245848 -0.311583 -0.134039 0.0428633 0.139671 -0.0135739 -0.482139 0.263171 
-0.469677 0.405076 -0.0893615 -0.351886 0.404087 0.0342417 -0.0483723 -0.276172 0.407773 0.47663 
0.286443 0.338755 0.0379304 0.435297 -0.323784 -0.343939 -0.086974 0.235217 -0.0746335 -0.406413 
-0.0755211 0.425965 0.264689 0.235012 -0.159769 -0.410744 0.0187122 0.311533 -0.13617 -0.0389789 
0.419812 0.169961 0.0711841 0.218511 -0.0716291 0.185623 -0.0601534 0.0737944 -0.224387 0.475214 
0.220826 0.128412 0.18929 0.42024 0.211491 -0.341948 0.410567 -0.10396 0.36996 0.217964 
0.500826 -0.0506987 -0.287753 0.370525 0.0348936 0.320149 0.054222 0.0836518 0.575895 -0.357719 
-0.308783 -0.307359 -0.170145 0.0448308 0.188148 -0.024795 0.328206 -0.213906 -0.0973212 -0.00340406 
0.64087 -0.0683066 -0.0997946 -0.0908187 0.253203 -0.338124 -0.0510096 -0.0316894 0.517208 -0.532938 
-0.304885 0.172109 -0.334001 0.196394 0.0191834 -0.093126 0.100798 0.475913 0.419072 -0.147665 
-0.0819449 -0.33141 -0.496584 -0.102492 -0.152653 0.0171212 -0.14691 0.158951 0.29361 0.256162 
0.0209585 -0.0435084 0.419775 0.167395 -0.336726 0.114792 0.543475 0.441994 -0.221028 0.0586014 
0.153028 0.348003 -0.187638 -0.0796107 -0.3775 -0.213379 -0.00321428 -0.168796 -0.0612633 -0.0572951 
0.116334 0.0049923 0.178283 -0.220331 -0.478475 -0.282848 0.133044 -0.467278 -0.0632407 0.477948 
0.575313 0.344195 0.248509 0.472314 -0.588934 -0.078251 0.370822 0.223419 0.371277 -0.165985 
-0.0105747 0.359209 0.0370936 -0.403187 0.210114 -0.153342 -0.144183 -0.415464 0.460318 0.303901 
0.36577 -0.330435 -0.102323 -0.231729 0.300737 -0.623622 0.0859006 -0.513171 0.0536611 -0.132474 
0.716008 0.165758 -0.279286 0.40223 -0.318367 -0.591436 -0.15112 0.167082 0.236247 0.529745 
0.627613 -0.472224 -0.351733 -0.124002 0.477607 -0.378905 0.261759 -0.301736 0.17252 -0.0661091 
0.896279 -0.394007 0.342792 -0.474261 -0.0803724 0.20776 0.258523 -0.108831 -0.296319 0.557387 
0.0978882 -0.253867 -0.0458548 -0.338317 0.292709 0.274009 -0.223271 -0.471314 0.0387482 0.0113771 
0.635204 0.306713 -0.472721 -0.0974695 -0.651047 -0.354465 0.320686 0.170693 -0.0591225 0.323464 
0.297629 -0.0772374 0.00622738 -0.124318 -0.237835 -0.199649 -0.142714 -0.0849298 -0.109241 0.478846 
0.248552 -0.31362 -0.243569 0.462607 -0.140011 0.0311841 0.425195 0.324995 0.198345 0.402183 
0.281332 0.461331 -0.510167 0.152229 -0.0434026 -0.357706 0.360721 -0.4051 -0.395226 0.0385858 
-0.418422 0.0575443 -0.319356 0.473084 -0.262727 0.261896 0.204795 -0.258198 0.286719 0.469487 
0.096273 0.472081 0.169744 -0.213526 0.37362 0.385768 0.0302515 -0.349797 0.363468 0.320388 
0.219594 0.261933 -0.235274 0.295491 0.198293 0.217195 0.457724 0.393081 -0.00496082 -0.134558 
0.336821 -0.108012 -0.0349146 0.440796 0.198651 0.213239 -0.065752 -0.327878 0.145292 0.217723 
0.0293031 0.406386 0.46161 0.360587 0.242659 -0.401815 -0.369759 -0.210697 0.121448 0.246297 
-0.0753003 -0.304006 -0.173241 -0.184824 0.0280097 -0.464713 0.321929 -0.106251 -0.032402 -0.177084 
-0.0415875 -0.446365 0.221258 -0.143158 -0.372803 0.0378406 0.11743 0.465369 0.0378288 0.429799 
0.308298 -0.0230225 0.216182 0.332612 -0.178592 -0.285521 0.342996 0.0646225 -0.314009 0.124611 
-0.272704 -0.0796155 0.346185 -0.196317 -0.143555 -0.344726 0.465807 -0.343238 -0.430152 0.0126921 
0.296872 0.255954 0.0419683 -0.407735 0.211003 -0.0880208 0.109808 -0.117571 0.14462 -0.265214 
-0.0573355 -0.489593 -0.031252 -0.354273 -0.0218327 0.14176 -0.208808 -0.483422 0.181654 -0.191795 
-0.302591 0.236516 0.0552559 -0.426784 -0.0122257 0.0699658 0.0879806 0.128841 0.0455899 0.00825536 
0.517204 -0.167308 -0.115253 -0.349508 0.144306 0.0676423 0.185189 0.442691 -0.286922 -0.300029 
0.0263683 0.0150534 -0.220577 0.101173 -0.0880665 0.193699 -0.21409 0.00314163 -0.535478 0.249363 
0.235954 -0.00389561 -0.383569 0.319772 0.100922 0.156908 0.109194 -0.403064 0.103574 0.377151 
0.109299 -0.300364 -0.376213 -0.131557 -0.0609464 0.139186 0.476215 -0.0820215 0.119193 -0.176893 
0.460198 -0.040043 -0.312421 0.208855 -0.210144 0.367491 0.0704086 -0.210469 0.116083 0.0309736 
-0.0181972 -0.369757 -0.227289 -0.210033 -0.446123 -0.000386057 0.496294 0.434837 -0.339998 0.350031 
0.322007 -0.460195 0.395768 -0.227143 0.115647 0.0177985 0.358621 -0.0223593 -0.36993 -0.118101 
0.514414 -0.380862 0.432774 0.157483 -0.24665 0.126902 -0.0741037 -0.22916 -0.152513 0.588957 
-0.0183707 0.456798 -0.0297282 -0.270197 -0.195406 0.0972571 -0.417808 0.409553 -0.317481 -0.227244 
0.380207 -0.110679 0.0791448 0.377917 0.213795 -0.0918555 -0.45722 -0.072493 -0.198251 0.0983537 
0.168425 -0.019437 0.402161 0.354495 -0.096974 0.0550864 0.122533 0.305769 -0.33779 0.460419 
0.63061 -0.521926 -0.399034 -0.361375 0.242935 0.0486322 -0.275116 -0.26168 -0.02861 0.268224 
0.319414 0.235806 -0.415634 -0.314494 -0.201937 0.427019 -0.0480256 -0.407039 -0.176599 0.147497 
0.163388 -0.241927 -0.109755 0.138712 -0.0161523 0.51302 -0.15623 0.341602 -0.310382 0.0324554 
-0.0762025 -0.378376 -0.00870782 0.0754624 -0.601613 -0.0255633 0.0467341 0.106143 0.0964659 -0.196741 
0.153638 -0.355887 -0.0652972 0.0801592 -0.116191 0.26422 0.0110698 -0.101654 0.315431 0.206777 
0.350691 -0.160253 -0.210204 -0.071231 -0.173908 0.325964 0.530431 0.100397 -0.121671 -0.416841 
-0.514181 -0.399361 0.192268 -0.130413 -0.462199 -0.394062 0.192368 0.441686 0.145354 0.459706 
-0.48508 0.327073 -0.309221 0.359531 -0.126994 -0.143817 0.609036 0.246069 -0.193952 0.022211 
0.151271 -0.271013 0.112834 0.45548 -0.0628284 0.259475 -0.438147 -0.0384108 0.520821 -0.296011 
0.316352 0.406086 -0.0470828 0.186573 0.0608318 -0.0449124 0.36849 -0.216117 0.0445162 -0.0398208 
0.439241 0.0897633 -0.219193 0.281396 0.0418973 0.478943 0.0733348 0.1922 0.0443433 -0.16416 
0.368511 0.161047 -0.486462 -0.475047 0.366318 0.468902 0.157973 -0.0996493 -0.017178 -0.0191527 
-0.284595 -0.0440458 -0.151645 -0.23252 0.47753 -0.255609 -0.232703 -0.47646 -0.338551 -0.116305 
0.441301 -0.309643 -0.15438 -0.328678 -0.218398 0.280937 -0.451096 -0.121772 0.475449 -0.105392 
-0.277651 0.345892 -0.429034 -0.219592 -0.00743488 0.271273 -0.504114 0.160523 -0.284429 -0.112054 
0.614832 0.0814538 0.300838 0.276108 -0.324105 -0.0527627 0.206088 -0.0544867 -0.19366 0.0797613 
0.064111 -0.0979408 0.145795 0.144847 -0.167901 0.156766 0.0917074 -0.389757 0.213238 0.228246 
0.357522 -0.220101 -0.00864916 0.102544 -0.177767 -0.316845 -0.185879 0.486902 -0.626699 0.445017 
-0.0258324 0.343305 0.276018 0.242697 -0.263065 0.189232 -0.00712552 -0.0450293 0.0457183 0.0184296 
0.456481 0.13045 0.388669 0.00138738 -0.552148 0.354978 0.293685 0.171792 -0.753784 0.404015 
0.0949932 0.111245 0.394983 -0.402352 -0.53982 0.0489262 -0.226322 -0.30213 -0.776356 0.594686 
0.0743294 -0.0387029 0.428265 -0.301625 -0.366731 0.434984 0.0955508 -0.0622143 -0.796194 0.540573 
0.14345 0.0168995 -0.215187 -0.231982 -0.170559 0.12032 -0.299385 -0.271053 -0.639292 0.0532638 
0.44138 -0.122915 -0.251211 -0.342906 -0.26685 0.239324 0.30371 0.325871 -0.0197704 0.359774 
0.13729 -0.294215 -0.25819 0.0579624 -0.281897 0.203965 0.352296 -0.4657 0.465511 -0.233652 
0.549244 0.147525 -0.130744 -0.364075 -0.314707 0.288842 -0.0192296 0.463496 0.49376 0.0904213 
0.179863 0.37052 0.201025 0.402716 0.123313 -0.228781 -0.00988308 -0.165984 0.0384559 0.0507104 
0.352107 0.206069 -0.00949812 0.0034959 -0.423822 0.609307 -0.213339 -0.287752 -0.140075 -0.596549 
0.595557 -0.0519324 -0.446016 0.0919304 -0.346455 0.417047 0.451502 -0.44663 -0.233111 0.109414 
0.300761 -0.195742 0.266718 -0.376414 -0.42415 0.36618 0.440521 -0.135589 -0.0555813 -0.442715 
0.348467 -0.0222199 -0.473654 0.16711 -0.0159583 0.0674292 0.163398 -0.494737 0.155593 -0.25256 
0.488896 0.463381 -0.105904 0.052608 0.123839 0.367365 0.296307 0.474665 -0.179322 -0.176921 
-0.290462 -0.389731 0.0494929 -0.37173 -0.381412 0.169194 -0.0149205 0.418976 -0.0328862 -0.450811 
0.11031 -0.124524 -0.0348312 -0.135006 -0.377829 0.159949 -0.108312 0.0847609 -0.0111818 0.0311976 
-0.0888458 0.199527 0.220643 0.162248 -0.141429 0.286672 0.574349 0.477528 0.0281038 -0.422264 
-0.486471 -0.43718 -0.479113 0.324382 -0.247949 -0.43102 -0.218471 0.444517 0.135564 -0.182922 
-0.185929 -0.440775 0.0776255 0.430638 -0.455209 0.502484 -0.334657 -0.339521 0.47971 -0.0880108 
-0.0652944 -0.0537886 0.386441 0.0956708 -0.0720345 0.0577266 0.392846 -0.268077 -0.230432 -0.117449 
0.406155 0.207701 0.210532 0.0850435 0.231379 0.320587 0.244649 0.0232459 0.0380314 -0.445036 
0.487896 -0.396043 0.45402 -0.461936 0.028229 0.0431014 -0.0876735 0.0956699 -0.190099 -0.448003 
-0.333367 0.224248 0.407739 -0.241965 -0.406682 -0.222548 -0.440692 0.41154 0.326211 -0.0935397 
0.458962 0.416871 0.346312 -0.00883901 -0.00243029 -0.133854 0.0959218 0.0177016 -0.152692 0.0665182 
0.0403044 0.230604 0.106272 -0.0335814 0.423092 -0.17561 -0.334817 -0.299954 0.319959 0.261207 
-0.30162 -0.324501 -0.159501 -0.2688 -0.299114 0.299621 -0.0621472 0.0826974 -0.467582 0.398291 
0.0850178 0.169961 0.362921 0.409604 -0.181438 0.310943 -0.439133 -0.180303 -0.530142 0.452084 
-0.325326 -0.250173 0.237882 0.164333 0.0776838 0.249508 0.12855 0.256059 -0.293033 0.530706 
0.118945 -0.477634 -0.238274 -0.408966 0.251881 0.176258 -0.477753 0.135941 -0.732419 0.0611376 
0.0911708 -0.186167 -0.329469 0.327443 -0.640012 0.216503 -0.1506 -0.167183 -0.624469 0.657887 
0.428467 -0.308785 0.0129085 0.17104 0.112218 0.121745 0.0918152 0.0563739 -0.875285 0.478804 
0.178629 -0.446035 0.361742 -0.334951 -0.418068 0.443858 0.179854 -0.194178 -0.191128 0.413352 
0.123174 -0.120469 -0.321414 0.0535981 0.114015 0.386533 0.282464 -0.138389 -0.781192 0.415853 
-0.298298 -0.401727 -0.270641 -0.273086 0.163347 0.187158 0.1305 -0.0371933 -0.409537 -0.256401 
-0.195653 -0.0129865 -0.0232695 -0.228895 -0.534089 -0.596642 0.0713906 0.328175 0.169441 -0.366635 
0.246273 0.0345854 -0.334056 -0.201717 -0.470784 0.234209 -0.618227 0.363735 0.446171 -0.346256 
0.085057 -0.174313 0.33838 0.361673 0.419399 0.482828 -0.327663 -0.16268 0.00798245 -0.00781372 
0.463904 -0.550626 0.44773 -0.162422 -0.323457 -0.245028 -0.0741836 -0.490537 0.292956 -0.373259 
0.298481 0.310757 -0.230513 0.0434207 -0.538741 0.00187149 -0.214153 -0.482612 0.0340382 -0.575787 
0.449731 0.349897 0.0542035 -0.222904 -0.021582 0.0777271 0.0997449 0.252886 0.0183013 -0.187909 
0.460632 0.0343961 -0.170476 -0.0113495 -0.590024 0.0842453 0.249238 0.0490728 -0.236902 -0.0340625 
0.256374 -0.223422 -0.142624 0.283088 0.065236 -0.0865821 0.14586 0.329742 0.344107 0.120041 
-0.236797 0.487573 -0.129056 -0.131298 -0.0945806 0.448511 0.314574 0.179337 -0.336889 -0.261708 
0.2136 -0.449052 0.314936 0.0664157 0.329867 -0.0969318 0.511022 0.452037 -0.150451 -0.622364 
-0.0898103 -0.131496 -0.376003 -0.16818 -0.207733 -0.417693 -0.341258 -0.0560926 -0.101465 0.346182 
-0.03255 -0.0986723 0.0383207 -0.23449 0.473385 -0.0571684 -0.307114 0.481854 -0.223948 0.282287 
-0.420326 -0.342265 -0.00236037 0.344097 0.205999 -0.103186 0.0678497 0.464774 0.330604 0.485963 
-0.22897 -0.107575 -0.00145354 -0.0206784 -0.0303301 -0.364123 0.468942 -0.0913918 -0.281193 -0.455649 
-0.216974 0.189638 0.285376 0.0920649 0.377015 0.110518 0.149073 0.274127 0.290551 0.276173 
-0.10696 -0.226495 0.4084 -0.205787 0.0371146 0.449303 -0.0955129 0.388615 -0.423119 -0.187146 
-0.454549 0.173457 -0.294866 -0.220763 -0.0331635 0.456084 0.276708 -0.315283 0.485283 0.411399 
-0.164335 -0.0215934 -0.362583 0.058029 -0.270208 -0.362569 0.17111 -0.0092199 0.493946 -0.196175 
0.135565 0.137585 -0.202509 -0.0354714 0.0130092 -0.110798 -0.163407 0.259979 0.282976 -0.189373 
0.552935 0.410618 -0.320455 0.446003 -0.311695 -0.248502 -0.373637 0.279386 -0.0481962 0.403991 
0.563133 -0.164212 -0.311137 -0.446831 -0.305247 0.361558 -0.428299 0.445732 -0.810823 0.282089 
0.242313 -0.394966 0.068084 0.27005 -0.68157 -0.136858 -0.0921093 -0.29087 -0.55939 0.609107 
0.0405059 -0.330305 0.153297 -0.389779 0.0631206 0.33695 -0.149667 0.233203 -0.251435 0.211165 
-0.0331065 0.297842 0.237745 -0.473947 0.0848096 0.288041 -0.271045 -0.261599 -0.392028 0.438154 
0.330046 0.205906 -0.321281 -0.10736 -0.144972 0.259542 -0.20478 -0.111988 -0.481423 0.419539 
-0.243923 -0.185304 -0.455082 -0.181438 -0.659665 0.305945 0.177493 0.195162 -0.201987 -0.0453464 
-0.656533 -0.444173 -0.203174 -0.166351 0.174886 0.409103 0.436925 0.39415 0.39573 0.00191473 
-0.641811 0.241453 -0.070343 -0.0567221 0.0602668 -0.655758 -0.241717 -0.318894 0.22487 -0.369266 
-0.659964 -0.0728909 -0.389886 -0.0111354 0.352373 0.0304155 -0.380174 0.317821 0.651495 0.105822 
0.146572 0.311226 -0.370179 0.187318 -0.510472 -0.658155 -0.262413 -0.224913 0.67983 -0.457755 
-0.544437 0.253741 0.468366 0.198215 -0.329078 0.273734 -0.146219 -0.272462 -0.0868526 0.190426 
-0.159412 -0.201 0.192206 0.232627 -0.343103 0.0491154 -0.372477 -0.182734 0.0780403 -0.373116 
-0.160979 0.393052 -0.507765 -0.179743 0.270336 -0.0600926 -0.0109976 -0.241264 -0.00404475 0.135992 
0.377199 0.463585 -0.000579528 0.22854 0.208762 0.334578 -0.531897 0.359566 -0.123638 -0.33966 
0.165858 -0.367849 -0.469853 -0.151111 -0.0713022 -0.122533 -0.411789 0.0400309 -0.0755794 -0.534832 
0.0932229 0.261582 0.1798 -0.19688 -0.0694777 -0.230556 -0.211858 0.000991308 -0.447727 -0.458152 
0.536113 0.266333 0.184847 0.447317 0.10961 0.145347 -0.0193976 0.135573 -0.376159 -0.373448 
0.148741 -0.415989 0.169193 0.187593 0.306754 0.265051 0.254385 0.0804957 0.171092 0.317581 
-0.473408 0.0738238 0.270308 0.338157 -0.310652 -0.177773 0.263336 -0.246142 -0.0820879 -0.064203 
-0.342737 0.166604 -0.256752 0.291141 0.415976 0.371941 -0.327403 -0.481738 0.506162 -0.508439 
-0.159884 -0.386941 0.134688 0.384276 0.17251 -0.223258 0.493817 0.407647 -0.0857579 0.352267 
-0.196638 0.150552 -0.212031 0.377474 0.268377 0.294524 -0.157586 0.296414 0.24746 -0.364374 
0.361901 -0.00870664 0.479582 -0.0247621 0.262972 -0.459382 0.298756 0.223906 0.0623273 0.350228 
0.18545 0.13243 -0.00814903 -0.0284729 -0.499804 -0.285554 -0.259501 -0.179896 0.197168 0.348814 
0.226891 0.377804 -0.13053 0.344174 0.313886 -0.00690756 0.244578 -0.244013 -0.0712529 0.335522 
-0.37071 -0.223568 -0.17814 -0.115228 0.363406 0.216936 -0.246927 0.104842 -0.456215 -0.253231 
0.11939 -0.439927 0.357387 0.161038 -0.0345251 0.145288 -0.278991 -0.363791 -0.408782 -0.142909 
0.466999 0.0444751 -0.00651627 -0.0854664 0.0441234 0.31604 0.150226 0.232257 -0.823753 0.370154 
0.0129489 -0.279762 0.392298 -0.316525 0.0415299 0.422331 -0.342504 0.42837 -0.772625 0.142361 
-0.104919 0.26992 0.00649449 -0.480461 -0.0222159 0.576252 0.165048 -0.394027 -0.563348 0.258579 
0.196255 -0.0685135 0.127448 0.455242 -0.042683 -0.0648309 -0.106444 -0.116374 -0.551326 0.200904 
-0.405182 -0.256525 0.0341662 0.0518668 -0.10248 -0.271055 0.164762 -0.0636288 0.0545448 -0.263389 
-0.287007 -0.479761 -0.44981 0.380406 0.00461882 0.247004 0.192544 -0.346437 -0.0507009 -0.40791 
-0.299459 -0.382871 -0.0271211 -0.274514 -0.245283 -0.00259193 -0.0887784 -0.503958 0.115405 -0.342404 
-0.211772 -0.348232 -0.186745 0.114586 -0.10746 -0.494703 0.135565 -0.0906588 -0.129893 0.425438 
-0.656235 -0.461453 0.243405 0.413582 -0.0610367 -0.680622 0.0308482 0.113574 0.427276 -0.195966 
-0.521498 -0.318113 -0.173635 -0.0291207 0.228225 -0.223835 -0.290846 -0.478023 0.257432 0.253469 
-0.0697354 0.301656 0.326308 -0.509616 0.0210549 0.0562554 -0.512746 -0.507287 0.0326013 -0.583539 
0.276841 0.0802781 0.418819 0.0448557 0.085805 0.0389031 -0.373965 0.241468 0.411661 -0.148092 
-0.229475 0.42396 -0.0705878 -0.407806 -0.251081 0.304159 -0.577018 0.105171 0.125497 -0.400905 
0.0627762 -0.509813 -0.1317 0.191852 -0.417519 0.0246204 0.0655222 0.276432 0.0940561 0.119623 
-0.0970106 0.416256 0.152199 0.446072 0.140202 -0.181408 -0.501579 -0.365006 0.126053 -0.207262 
-0.0044168 -0.453198 -0.245273 -0.363059 0.217024 0.573697 0.0506773 0.356535 -0.207615 -0.0568506 
0.519109 0.117776 -0.314717 0.198597 0.33636 0.342505 0.225627 0.204125 -0.0204902 -0.296668 
-0.264358 0.484002 -0.0889573 -0.216297 0.204844 0.307395 -0.0457114 -0.424279 -0.593112 -0.617489 
-0.295666 0.39651 -0.204151 0.144877 -0.0953077 -0.43068 -0.199764 -0.183349 -0.138591 -0.539036 
-0.0884972 0.346108 -0.249517 -0.30603 -0.312476 0.441994 0.261583 -0.0527058 -0.0219697 0.0418435 
0.401746 -0.434877 -0.168435 0.340242 -0.253348 0.155841 -0.229755 -0.0430394 -0.28441 0.0209668 
0.14835 0.258491 0.387166 -0.402948 0.471508 0.0777751 0.174452 0.308871 0.177431 0.448293 
0.0522905 0.157767 -0.050277 -0.315898 -0.00633315 0.00640318 -0.129055 -0.264046 0.110406 0.143983 
-0.375215 0.318688 0.409977 -0.348429 -0.248155 -0.00089554 0.366375 0.0759882 -0.234227 -0.285992 
-0.429365 -0.12629 0.0237182 -0.243998 0.202665 -0.287897 -0.0437935 0.130144 0.148184 0.0339134 
0.273001 -0.446317 0.117818 -0.125494 0.450883 0.341887 0.0741116 -0.354001 -0.388276 -0.450333 
0.043742 -0.27866 0.326408 -0.269115 -0.0558017 0.484806 0.372293 0.242932 -0.133144 -0.201092 
-0.275948 -0.173371 0.0465448 0.466964 0.0279076 -0.0901577 0.266384 -0.172307 -0.0245968 0.0653738 
-0.313298 -0.314033 0.211281 0.0750153 0.355798 0.249253 -0.277237 -0.237733 -0.310216 -0.0228873 
-0.430823 0.44871 0.298979 -0.0725673 -0.112548 -0.105039 -0.252304 -0.103928 -0.389546 -0.132093 
0.199004 -0.0324357 -0.285326 0.231785 0.00673123 0.632071 -0.00518388 -0.198656 -0.440208 -0.138348 
-0.068021 -0.294415 0.00544818 0.212519 -0.252605 -0.0867313 -0.148515 -0.0904854 -0.131849 0.209293 
-0.0746535 -0.100292 0.243698 -0.527659 -0.258174 0.397486 -0.0710979 -0.326029 -0.528139 0.361617 
-0.265814 -0.252166 0.362439 -0.514238 0.558012 -0.1306 0.439239 0.0477404 0.140201 0.152239 
-0.303453 -0.0154151 0.0639281 -0.120856 -0.169518 -0.100816 0.602375 -0.0936219 -0.171519 0.287554 
-0.511316 -0.00916054 -0.0416769 -0.213032 0.230611 0.114219 0.384204 0.0808086 0.0654004 -0.544728 
-0.305508 -0.42727 -0.110718 0.304835 0.430733 0.00756054 -0.178082 0.479664 0.493338 -0.446346 
-0.783505 -0.505578 -0.409709 -0.117304 0.407499 -0.773831 0.0354747 -0.42023 0.754395 0.029773 
-0.611818 0.0333121 -0.0187567 0.364546 -0.420674 -0.2811 -0.0205673 0.396495 0.61293 -0.698213 
-0.214805 -0.355718 -0.384494 -0.374096 -0.12655 0.161876 -0.453855 0.0990186 0.225288 -0.154596 
0.0228055 -0.495852 -0.242797 0.314072 -0.284189 0.391014 0.000912716 -0.479492 -0.0124848 0.0511884 
0.174414 -0.442631 -0.287068 -0.491916 0.328508 0.145868 -0.29797 -0.405801 -0.000337237 -0.268029 
0.156748 0.238432 -0.0525358 -0.222863 -0.186187 0.436296 0.0203126 -0.297974 0.0650304 -0.206216 
-0.0286688 -0.137513 -0.0708721 0.227223 -0.406363 0.337108 -0.592484 -0.0754843 0.165413 0.22087 
-0.13194 -0.151762 0.44153 0.48859 0.0342265 -0.0212044 0.178721 -0.518202 -0.163379 -0.172092 
-0.111847 0.234666 0.170943 0.0942247 -0.290818 -0.0957884 0.0238458 -0.0511078 -0.118385 0.247451 
-0.065005 -0.381022 0.501499 -0.255171 0.366688 0.504474 0.566091 0.0256635 -0.408182 0.325118 
0.124669 0.377842 -0.377824 0.320131 -0.412019 0.316231 0.112219 -0.269396 -0.539801 -0.419228 
0.175383 0.349066 0.364656 -0.0829178 0.48594 -0.313362 0.0652337 -0.153338 -0.412879 0.368296 
0.274016 0.417838 0.391431 0.239686 -0.31745 0.491924 -0.174644 0.226352 0.413823 -0.201194 
0.159225 0.440919 0.226853 -0.450062 -0.0326714 -0.479437 -0.387141 0.41732 -0.179112 -0.410956 
-0.485452 0.265282 -0.0611638 -0.251643 -0.140828 -0.48529 -0.341481 -0.0923796 0.12261 0.488943 
0.0518821 0.408194 0.379712 0.452409 -0.166802 0.245427 0.384823 0.377311 -0.480143 0.490044 
0.166128 -0.384416 -0.296658 -0.00907079 -0.436898 -0.286135 -0.426658 -0.228809 0.139473 -0.225989 
0.282616 0.244266 -0.124033 -0.280191 0.138275 -0.371817 0.194345 0.361514 0.456411 0.350967 
0.263085 0.124365 -0.113194 0.0257321 0.0283588 -0.214915 0.0511219 0.315903 -0.536284 -0.448358 
0.129518 -0.108781 -0.268045 -0.178147 0.249489 0.137071 0.160091 0.0529879 -0.201973 -0.0993056 
0.0350023 0.0834988 0.386061 -0.324154 -0.514955 0.523044 -0.331423 0.112557 -0.338654 -0.0429352 
-0.0378511 0.229535 -0.0645137 -0.0523161 -0.189687 0.0571596 -0.236685 -0.207513 -0.0572268 -0.0400659 
-0.226511 -0.345478 -0.291046 -0.269801 -0.397468 0.27365 0.0402139 0.326739 -0.11486 0.0856351 
-0.155881 0.440311 0.23404 0.370249 0.0719663 -0.141813 -0.244901 -0.321308 0.00966375 -0.093367 
-0.519543 -0.220779 -0.150198 -0.156432 0.343822 -0.383197 0.25023 -0.174 0.0356014 0.00289861 
-0.0386314 -0.223842 0.253122 0.10067 -0.103775 -0.106704 -0.139855 0.360876 0.0346813 -0.0527694 
-0.778376 -0.368445 0.0726808 0.451699 -0.12927 -0.372241 0.16099 -0.213102 0.0758808 -0.350255 
-0.0878166 0.276099 0.142907 -0.401009 0.110098 0.186109 -0.0221372 -0.0554611 0.397811 -0.540914 
-0.211406 0.257325 0.103421 -0.297432 -0.0788055 0.333355 -0.509031 -0.188508 0.189069 -0.144825 
-0.317473 0.351591 -0.382199 -0.46595 0.00660083 0.215501 -0.723811 -0.213788 -0.0609588 -0.563462 
-0.186782 -0.523441 0.262993 0.357067 0.320041 0.343413 -0.184864 -0.00743147 0.129887 -0.153243 
0.50519 0.133802 -0.172421 -0.503497 -0.0321299 0.0276538 -0.325512 -0.311268 0.0720773 -0.270556 
0.0339053 -0.469992 -0.202897 -0.204537 -0.333759 0.00594016 -0.443498 -0.49589 0.206325 0.252486 
0.408502 0.246695 0.241726 -0.310652 -0.465471 0.440613 0.317353 -0.395469 -0.0962469 0.118188 
0.0566107 -0.477968 0.480148 0.0615332 -0.435582 0.00300576 -0.424268 -0.107389 -0.278194 0.338154 
-0.0376476 -0.341495 0.148234 0.197946 -0.0133106 0.0875574 -0.157264 0.33566 0.122959 -0.254125 
0.373432 -0.484609 -0.0114599 -0.501926 0.364164 0.111728 -0.341473 0.445306 0.0674226 0.198016 
-0.14155 0.128144 -0.0935432 0.382153 -0.444097 0.195517 0.422496 -0.140516 -0.654549 -0.323149 
-0.139144 -0.083068 0.0880014 -0.275835 0.243513 0.200132 -0.275079 -0.349312 0.0574618 0.364961 
-0.464935 0.492785 0.185179 -0.421352 -0.340122 -0.150488 0.20583 0.206385 -0.140901 -0.357382 
0.453768 -0.0152685 0.493028 -0.484665 0.350356 0.0398087 0.512947 0.481243 -0.147559 -0.312642 
-0.211005 -0.491903 -0.124632 0.21837 0.0818542 -0.396212 0.264776 -0.0857361 -0.21693 0.30995 
-0.381733 -0.0425435 0.488014 0.352255 0.00632676 0.232853 -0.179979 0.00677668 0.370486 -0.206029 
-0.254405 -0.304212 -0.28335 -0.433016 -0.406644 0.203478 -0.212043 -0.176034 0.0874434 0.22237 
-0.249842 -0.43308 0.329182 0.0922634 0.361316 0.0367836 -0.33286 -0.31254 0.258912 -0.259576 
0.198267 0.147605 0.386787 0.264067 -0.346649 -0.112909 -0.415338 0.261593 -0.22308 -0.461939 
-0.278379 -0.169607 -0.254959 -0.0695706 0.478108 0.565138 -0.403026 0.427663 0.370192 -0.312985 
0.31222 -0.216937 0.00975582 -0.13278 0.302643 0.581793 -0.298214 -0.185069 0.10743 -0.266685 
-0.0972107 0.013187 -0.27939 -0.0231255 -0.0225052 0.0986916 0.215855 0.339718 -0.0160594 -0.633153 
0.00437833 -0.305139 0.23617 0.325826 -0.166425 0.856796 0.0925252 -0.394 -0.591022 -0.220256 
0.027821 0.0954739 0.224092 0.428609 0.449032 0.638728 -0.043685 0.21189 -0.674642 0.220546 
0.14623 0.47796 -0.288001 -0.499363 0.266513 0.202264 0.158367 0.178605 -0.00507825 -0.401007 
0.249282 0.212595 0.0855671 -0.0132821 -0.284482 0.13916 0.470864 0.211694 -0.481232 -0.262837 
-0.221749 0.157509 0.398701 -0.185756 0.671789 0.345481 0.036105 -0.0438053 0.0295256 -0.29391 
-0.706815 -0.231947 0.219616 -0.426798 0.106432 -0.194371 0.182561 -0.475366 0.154112 -0.00496282 
-0.192034 -0.24421 -0.151691 -0.025449 -0.243713 -0.113156 0.147964 -0.258654 0.310157 -0.00890847 
-0.460705 0.118012 0.0577544 0.352193 0.472734 0.135301 -0.654427 0.0544898 0.569603 -0.506884 
-0.351491 -0.0142 -0.452065 -0.152287 0.0942466 0.707428 -0.0284265 0.134205 -0.186649 -0.0933846 
0.454628 0.397415 -0.0627056 0.422444 0.0255809 0.786285 -0.311056 -0.0116501 -0.557877 -0.481337 
-0.119737 -0.162844 -0.421868 -0.286441 -0.350558 0.807149 -0.38897 -0.0525356 -0.178757 0.236713 
0.218484 -0.216689 -0.238477 0.295321 0.283909 0.39161 -0.245221 0.334923 -0.164821 -0.367427 
0.124937 -0.430589 0.00126255 0.141959 -0.0162243 -0.0411665 -0.448948 -0.112775 -0.258685 0.214849 
-0.0762654 -0.369548 -0.101097 0.325569 0.0444523 0.278306 0.0945359 0.404597 -0.0537132 0.360049 
-0.163196 0.0743311 0.528674 0.475391 -0.299497 0.514244 0.119848 -0.0547381 0.327206 -0.403181 
-0.448238 0.0242546 -0.341433 -0.393777 0.047995 0.013913 -0.229022 0.433705 0.3039 -0.244693 
-0.201741 -0.258298 -0.258231 0.116727 0.430038 -0.0630603 -0.0128646 0.394181 -0.287394 -0.00752592 
-0.155865 0.331628 -0.326 0.262329 -0.0770218 0.356635 0.659803 0.440803 -0.235667 0.238646 
0.00206804 -0.0790247 0.445982 0.492189 0.0724312 0.45959 0.0946772 -0.0820314 -0.25585 -0.277033 
-0.3877 -0.469757 -0.458004 0.122701 -0.115899 -0.340178 -0.448273 -0.333561 0.148374 -0.422199 
0.436744 -0.0990044 0.194235 0.398896 -0.364625 0.182223 -0.46302 0.204734 0.180236 -0.438602 
-0.298123 -0.433002 0.122608 -0.224591 -0.258775 0.281665 -0.494946 -0.473409 0.313696 0.247628 
0.401985 -0.241093 -0.39523 0.334017 0.296675 0.341759 0.317669 -0.156476 0.225297 0.261584 
0.0628214 -0.0509951 -0.417789 0.133616 -0.436483 -0.23223 0.192599 -0.0556094 -0.462334 0.244726 
-0.400531 0.327004 -0.376209 -0.195585 0.190966 0.48113 0.258377 -0.224141 0.229755 -0.441358 
0.365993 0.214958 -0.428092 -0.138657 0.474689 -0.116738 -0.192364 0.416887 -0.189971 0.0276939 
0.456396 -0.178626 -0.289941 0.452819 -0.33378 -0.0323188 -0.0351045 -0.149582 -0.291834 0.183309 
-0.328411 0.252404 -0.206736 -0.174735 -0.212606 0.327815 0.431542 0.00989894 -0.581783 0.154956 
0.450913 -0.0262181 0.14396 -0.0788749 -0.305733 0.0159398 -0.13115 -0.109906 0.0202142 -0.192278 
0.490466 0.155207 -0.386527 -0.458319 0.145332 0.375615 0.491255 -0.419089 -0.575212 -0.516135 
-0.283912 -0.151784 0.473073 -0.448959 0.153538 -0.168949 0.124623 -0.00568201 -0.271321 0.0709154 
-0.0999871 0.281596 0.458217 0.0105763 0.300068 0.0645093 0.0866081 -0.451017 -0.3486 -0.327049 
-0.181744 0.32969 0.0759723 -0.233776 0.459246 0.302458 -0.186882 0.450914 -0.464166 -0.148837 
0.0270823 0.0382718 0.474749 -0.289403 0.170763 0.0598361 0.317568 0.360996 -0.123715 0.232495 
-0.12925 -0.291457 -0.391539 -0.18241 -0.129851 0.277063 -0.504017 -0.200806 0.255321 -0.523439 
-0.145613 0.192011 -0.348234 0.274465 -0.0987511 0.571021 -0.725776 0.0627265 -0.168135 -0.0626954 
0.220825 0.210174 -0.0615085 0.262462 -0.165092 0.00491247 0.00102995 -0.163766 -0.0285114 -0.175787 
-0.119496 0.418332 -0.0760593 0.0297213 0.301642 0.516603 -0.316106 -0.427985 -0.17622 0.011947 
0.355163 -0.442042 -0.107638 0.180863 -0.0954393 0.326807 0.206291 -0.275547 -0.361887 -0.143164 
0.1218 -0.0627349 -0.348989 0.375884 -0.0501726 0.502922 0.362867 -0.305025 -0.261507 0.11221 
0.159868 -0.450693 0.517802 -0.326215 0.091162 0.52863 0.247094 -0.174961 -0.126424 -0.393561 
-0.245153 -0.401507 0.19554 -0.217015 0.285955 -0.137579 0.139007 -0.207282 -0.15265 -0.0527182 
-0.133347 0.237228 0.136532 -0.453406 -0.498302 -0.129606 0.146798 0.253695 -0.128683 -0.310447 
-0.432536 0.0479766 0.139659 0.472466 -0.200391 0.336955 0.582844 0.493079 0.465391 -0.463151 
-0.141856 0.42012 -0.281049 0.408033 -0.453339 -0.360341 -0.0689794 -0.230603 0.0779452 0.0371936 
-0.122466 0.125396 0.0061452 0.365294 0.118604 0.141397 -0.275078 -0.325727 0.288146 0.0314377 
0.467685 -0.227607 0.240378 -0.430064 -0.286451 -0.207521 -0.143634 -0.431419 -0.293341 0.181742 
0.319097 -0.315955 0.310424 0.00109688 -0.0653286 0.0784651 -0.00911506 -0.297241 0.50143 0.347067 
-0.0997039 0.479092 -0.0883064 -0.274898 0.127122 0.425877 -0.362938 0.43008 -0.077712 0.0204582 
-0.400091 0.293438 -0.0761249 -0.189643 0.469038 -0.0327773 -0.378033 -0.288804 -0.199676 -0.228934 
0.159992 -0.0206081 -0.228217 0.208097 -0.375701 -0.372382 -0.41253 -0.30396 -0.230475 0.30456 
0.0688005 -0.174051 0.0683505 -0.46606 0.215441 0.323001 0.459404 0.268011 0.416951 0.420971 
-0.295622 0.233019 0.384191 0.191099 -0.434328 0.310863 -0.0847922 0.226658 0.443071 -0.426553 
-0.273212 -0.210441 -0.0751829 -0.275215 -0.310334 -0.0854559 0.112616 0.239451 0.567444 0.449559 
0.437015 0.0346253 -0.20823 -0.492588 -0.441898 -0.352422 0.153971 -0.41027 0.533819 -0.0171701 
0.452195 0.0320653 0.0675314 0.355239 0.0933495 0.627173 0.135617 0.453145 0.186745 -0.26371 
-0.370433 -0.222184 -0.118673 -0.429667 0.330923 -0.190041 0.709838 -0.44012 -0.265098 -0.480406 
-0.00012921 0.00591781 0.302886 -0.0317819 0.257288 -0.0849031 0.171921 -0.289818 0.0206226 -0.229121 
-0.411136 -0.0668416 -0.250034 -0.0441976 0.063812 -0.295092 -0.0254666 0.305536 0.143043 0.128588 
-0.23874 -0.0610924 -0.343992 -0.245043 0.299103 0.0812714 0.186521 -0.463165 0.187775 -0.604831 
0.0205857 -0.266899 -0.351676 0.334896 0.0111505 0.231107 0.340189 0.385691 -0.354184 -0.452227 
-0.265539 0.0335344 0.388064 -0.240256 0.438637 0.0171193 -0.0360102 0.417802 -0.0599544 -0.133798 
-0.529657 -0.478604 -0.0574866 0.294859 0.238388 0.346995 0.237686 0.0350465 0.391494 -0.0818528 
0.0262041 0.203981 -0.160615 -0.169677 -0.146921 0.423228 -0.580762 -0.50943 0.226575 0.0271517 
-0.0653766 -0.132566 -0.328086 -0.36162 0.092725 0.491159 0.293965 -0.066752 -0.428151 -0.321449 
0.0670037 -0.0209192 -0.229541 0.0986259 -0.19339 -0.202882 -0.251142 -0.327277 0.212249 0.185262 
0.414755 0.133025 -0.0951534 -0.516608 0.322167 0.0808833 -0.150628 0.214392 -0.345599 0.218529 
0.0552986 -0.435426 -0.385077 0.145606 0.202462 -0.286303 -0.0699637 0.117448 0.137113 0.0432144 
-0.156788 -0.295808 -0.353346 0.280659 0.186445 0.20285 0.183563 0.0719399 -0.0658352 0.180369 
0.106813 0.417836 0.468344 -0.0722286 0.159921 -0.0139285 0.0316726 0.354026 0.481077 0.196571 
-0.249232 -0.441002 -0.00839764 -0.367912 -0.312827 -0.102146 0.178055 -0.390911 -0.213558 0.220594 
0.184005 -0.00470938 -0.0124069 0.366582 0.41496 0.128734 0.436334 -0.336584 0.339248 -0.244824 
-0.17747 0.280182 0.451613 -0.350742 0.51769 0.481997 0.285968 -0.142759 0.139226 -0.283074 
0.466353 0.37686 0.258323 -0.371383 -0.0388787 -0.116066 0.368689 0.243531 0.59323 -0.34206 
0.266323 0.192451 -0.40755 0.114303 -0.172385 0.271732 -0.327024 0.160153 -0.184575 0.238903 
0.278299 -0.31243 -0.0951099 -0.128286 -0.343727 0.136962 -0.265563 -0.101675 0.369289 -0.245999 
0.323213 -0.0455904 -0.000395581 -0.429487 -0.329506 -0.334091 -0.031535 0.13692 -0.343774 0.474884 
-0.300821 0.325097 -0.0425489 0.272009 0.146473 0.460058 -0.378244 0.00828078 -0.298085 -0.268242 
0.041931 -0.280093 0.485703 0.166385 -0.363317 -0.127166 -0.352123 0.146485 -0.447459 0.23384 
0.159581 -0.07247 0.0270203 -0.0495176 0.489213 0.195662 0.0869358 -0.480221 -0.431565 -0.0718686 
-0.0463289 0.137215 0.276969 -0.418242 -0.320263 0.0906194 -0.175966 0.3448 -0.261852 0.069879 
-0.406158 0.47783 0.143852 -0.409528 -0.131065 -0.0564622 0.286605 -0.432188 0.552792 0.0101958 
0.159416 0.172102 -0.0805023 -0.329591 -0.0518966 -0.593898 0.419956 -0.30316 0.626397 -0.242719 
-0.386099 -0.319773 -0.376005 -0.460219 -0.0827637 -0.519906 0.806676 -0.361509 0.0812945 -0.684299 
0.370874 -0.419149 -0.34197 0.335191 -0.0561926 0.246487 0.684766 -0.411586 0.357457 0.185298 
-0.239929 -0.489887 0.00975426 -0.455306 0.0498447 -0.422307 0.776311 -0.0386326 0.167074 -0.279367 
-0.392324 0.353184 0.46335 -0.442345 -0.310214 0.0243906 0.63985 -0.482308 0.119699 -0.317495 
-0.443496 -0.2695 0.337737 -0.104015 0.172912 -0.0334158 0.228329 0.114891 0.134912 -0.644035 
-0.00926289 0.279571 -0.446348 -0.123937 -0.199293 -0.214134 0.279648 -0.442307 0.27138 0.0579064 
-0.0254174 0.479833 0.222757 -0.485028 0.473275 -0.263548 -0.0557712 0.40991 -0.433662 0.0883177 
0.156604 -0.380484 -0.0366224 -0.334869 0.234595 0.0529758 -0.172429 0.223098 -0.423007 -0.254866 
0.103918 -0.0649077 0.46369 -0.0982539 0.22325 0.218755 0.0423787 -0.232804 0.0899107 0.12124 
0.145802 -0.488905 -0.453593 -0.393397 -0.141327 -0.0199609 -0.145646 -0.511456 -0.245938 -0.259038 
-0.252503 0.109932 0.217109 -0.30764 0.455461 -0.223247 0.26839 -0.105161 0.133229 -0.10815 
-0.171132 -0.533831 0.131314 0.224031 0.234167 0.0567131 0.245296 0.0824943 0.0738508 -0.337793 
-0.328578 0.191523 0.250974 -0.495847 -0.170924 -0.171608 0.207026 -0.473568 -0.0134365 0.41512 
0.180533 0.322653 0.159517 -0.338088 0.392445 0.00835114 -0.155216 -0.222204 -0.0705666 -0.321367 
-0.064448 0.0912593 0.207978 0.228694 0.295651 -0.0366991 0.240273 0.175646 0.0319997 0.224009 
0.156711 -0.419932 0.0674875 0.0167822 -0.108776 -0.0312053 0.155998 0.234294 0.621617 0.193129 
-0.166037 -0.0939394 -0.396209 0.439637 -0.324796 -0.0734697 -0.0839788 -0.0902242 0.166513 -0.46922 
-0.20972 0.223549 0.00608852 -0.151158 0.30778 -0.424039 -0.0974384 -0.0417068 0.271985 0.0251473 
-0.333307 -0.262325 0.163182 0.00369981 -0.140834 -0.141864 0.5739 0.19649 0.413018 -0.137837 
-0.0803826 0.443335 -0.275051 0.179078 -0.208032 -0.0178194 0.312618 -0.298284 -0.139235 0.313651 
0.285458 0.397743 0.141539 0.196047 0.320544 0.103948 -0.0350714 -0.0288512 0.359134 -0.176766 
-0.148644 0.150339 -0.186799 0.125671 -0.419193 -0.379812 -0.4494 -0.372796 0.149066 -0.124652 
-0.167841 -0.306962 0.166062 0.238953 0.345426 0.492758 0.469022 0.12634 -0.386824 -0.37629 
0.179961 -0.17573 0.352242 -0.149229 -0.336311 -0.229792 -0.00756397 0.495199 0.345394 -0.415836 
-0.414636 0.0242102 -0.0174353 -0.444255 -0.474394 -0.510632 -0.138906 0.375764 -0.0302813 0.212348 
0.261945 0.291081 0.42777 -0.218092 -0.373575 0.245299 -0.227022 0.239607 0.591675 0.370052 
0.155092 0.435138 -0.345487 -0.252959 -0.232096 0.136208 0.290126 0.116695 -0.0795382 -0.2918 
0.468884 0.315899 -0.141416 -0.0225948 -0.445325 -0.488905 -0.0942688 0.104146 0.508885 -0.170804 
0.0353286 -0.0566682 -0.00345552 0.0925664 0.280795 0.0494504 0.251466 0.0860516 0.144002 -0.242979 
-0.443914 -0.382027 -0.379529 -0.312024 -0.246424 -0.372073 0.247402 -0.145735 0.303646 0.190847 
0.0946259 0.411185 -0.306116 -0.0590567 0.252721 0.00694792 0.29793 0.408894 0.262376 -0.343517 
-0.104661 -0.358181 0.38125 -0.401993 0.369947 -0.192663 0.852721 0.166873 0.124279 -0.0473601 
0.00550687 0.116295 -0.2147 -0.0718065 -0.1934 -0.758414 0.538401 -0.490789 0.579329 -0.316112 
-0.530609 0.166582 -0.105825 -0.288491 0.358679 -0.0408294 0.667047 -0.00486902 0.189696 0.261048 
-0.426348 -0.215025 0.361682 -0.285555 0.326684 0.116059 0.164748 0.292546 -0.0265613 -0.609054 
-0.548317 0.0347993 0.403257 -0.0418217 -0.219335 -0.251139 0.65527 0.225821 0.192643 -0.128838 
-0.149895 0.263069 -0.15477 0.443597 0.286021 -0.118145 0.0745055 0.160087 0.241993 0.138297 
-0.202837 0.271193 -0.223435 0.146489 -0.251941 -0.136765 -0.115899 -0.17366 -0.259248 0.0707407 
-0.385784 0.33468 0.199665 0.213743 0.231186 -0.199288 0.129091 -0.303096 0.200918 0.352075 
-0.1428 0.198571 0.440159 0.26362 0.278341 0.0213767 0.273063 -0.251121 0.116483 -0.322532 
-0.271828 0.0822887 -0.0426558 0.105827 0.34453 -0.158915 -0.18018 0.0615727 0.151153 -0.259119 
-0.283788 0.161037 0.0939609 -0.383862 -0.0989859 -0.713983 0.252178 0.282285 0.0932517 0.008037 
-0.460492 -0.296606 0.41603 0.21767 0.361101 0.0773604 -0.0161903 0.132503 0.0493418 -0.113488 
-0.0815898 0.182215 -0.310167 -0.223114 0.0984323 -0.142283 0.627057 -0.0194597 -0.107801 -0.402196 
0.356655 0.494952 -0.34645 0.0909599 -0.353313 0.257118 0.720869 0.414805 -0.0372963 -0.109906 
-0.242118 0.0591386 -0.00370016 -0.28175 0.235694 0.142682 0.610683 -0.361376 0.368861 0.362725 
-0.203111 -0.190693 -0.291673 0.183633 0.173629 0.500511 -0.324295 0.0096536 -0.13566 -0.43374 
-0.458029 0.441298 -0.213551 0.473227 -0.119549 -0.044578 0.0653324 -0.460094 0.25928 -0.0972991 
0.17401 0.130346 -0.246415 0.0856006 0.16798 0.225889 0.0114226 -0.435001 -0.471374 -0.126304 
0.289053 -0.338585 -0.250582 -0.292588 0.144004 0.438024 0.0738726 -0.387845 -0.185968 -0.280953 
0.444571 -0.0844465 -0.193878 -0.288153 0.117869 -0.0197515 -0.00233662 0.297296 -0.0708994 -0.436631 
0.429603 -0.118889 -0.0749332 -0.0255344 -0.497241 0.147858 0.447251 -0.360345 -0.203518 0.40803 
-0.462497 -0.21446 -0.00459945 -0.132596 -0.334242 0.202976 0.0909991 -0.0913105 0.290129 -0.426053 
-0.186265 0.200636 -0.205699 -0.310576 -0.399579 0.309652 -0.439699 -0.0787608 0.597617 -0.235622 
0.315463 -0.180975 0.12289 0.376619 -0.290287 0.164337 0.469169 0.367313 0.217803 0.312129 
0.0477383 0.38733 0.0481202 0.46545 -0.174515 -0.270893 -0.153036 0.151739 0.11389 -0.087908 
-0.165938 0.175065 -0.236144 -0.455904 -0.388204 -0.298562 0.131871 -0.374396 0.173758 0.00902768 
0.209595 0.444132 0.19993 -0.410434 -0.459011 -0.218512 0.339999 0.231749 0.521267 -0.165364 
-0.396784 0.34268 0.158057 -0.444452 -0.404586 -0.0742666 0.102331 -0.0161633 0.670512 -0.26511 
-0.237343 -0.296683 -0.283289 0.283119 0.255407 -0.456043 0.0697816 0.272069 0.146138 -0.201536 
-0.445924 -0.148606 0.0317052 -0.132674 -0.186173 -0.408563 0.29614 -0.108806 0.334343 -0.119766 
0.310306 -0.367516 0.347153 -0.247939 0.338641 -0.588793 0.284915 -0.189848 -0.220447 0.132438 
-0.254149 -0.290599 -0.187169 0.374374 -0.0409161 0.00119957 0.237571 -0.0115006 0.09123 0.391907 
0.352394 -0.322937 0.0699026 -0.423444 -0.289216 -0.274563 0.38549 -0.50019 -0.0963426 -0.189323 
-0.165286 0.0849047 0.0201053 0.337947 0.2886 0.114289 0.011203 -0.266766 -0.236062 0.0912514 
-0.361502 -0.502869 0.503074 -0.0264362 -0.269338 -0.4528 0.145191 0.420993 0.22423 0.391394 
-0.0190447 -0.0427066 0.330061 0.0530929 -0.128023 0.0412611 0.259291 0.0569819 -0.00484359 -0.355954 
-0.601845 0.343185 -0.368453 -0.176441 -0.183193 0.136995 0.0059701 -0.127778 0.369568 0.221057 
-0.240063 -0.232881 -0.378738 -0.133297 -0.038985 -0.0595 0.164653 -0.360249 0.309378 -0.146891 
0.0338222 -0.445948 0.313145 -0.255458 0.125062 -0.326482 0.40712 -0.482377 0.135231 -0.0652752 
-0.538203 -0.475953 -0.430134 0.120272 -0.161413 -0.414722 0.234498 0.324378 0.737217 -0.278916 
-0.342263 -0.268651 -0.165132 -0.18824 0.132196 0.11445 -0.097031 -0.342401 0.334247 0.352487 
0.122125 -0.00999756 0.383648 -0.411526 0.516655 -0.467092 -0.268771 -0.105662 0.522799 -0.367216 
-0.486951 0.489081 0.219405 0.208531 0.512133 -0.151478 0.248587 -0.167721 0.242977 -0.0690991 
0.384959 0.270075 -0.404932 0.322943 0.259931 -0.16662 0.412467 0.314267 0.351936 0.281822 
0.459382 -0.165836 0.117927 0.172331 -0.34037 0.210551 0.170624 0.10503 0.179189 -0.0429387 
-0.194253 0.409637 -0.368133 -0.0969774 -0.167319 0.495778 0.477765 -0.372302 -0.467227 -0.159492 
-0.382515 0.216751 0.0542164 0.0216512 -0.287367 -0.241034 0.0238903 0.429038 -0.155476 -0.131583 
-0.39311 0.214393 -0.347433 -0.0328393 0.339895 -0.311396 -0.218781 -0.133999 -0.479038 0.0751497 
0.195596 0.201569 0.355692 -0.159301 -0.33552 0.465427 -0.469106 -0.194052 0.0217296 0.226469 
-0.0282419 -0.359606 -0.311673 0.313282 -0.058248 0.325906 -0.449896 0.428778 0.0152495 -0.191375 
-0.0860603 -0.422394 -0.0275012 -0.211717 0.23441 -0.344817 0.507477 0.329537 0.00853979 0.0620542 
-0.347367 0.0939343 0.0136711 -0.0610653 -0.181078 -0.272096 -0.408754 -0.396443 0.0587691 -0.231673 
0.374105 0.291387 0.149866 -0.464139 -0.210773 -0.365519 0.31371 0.35077 -0.113032 0.292244 
0.338136 -0.394948 0.477393 -0.188357 0.396631 -0.523999 0.059622 0.32248 0.632813 -0.132426 
0.312449 -0.350604 0.270009 -0.144741 0.0903111 -0.206435 0.0305482 -0.179625 0.25071 -0.44694 
0.00860864 -0.287617 -0.141876 0.127449 0.410584 -0.65422 0.159874 -0.370631 0.0770793 0.27132 
0.0686316 0.297213 -0.238938 0.18744 0.406269 -0.668049 0.569928 0.270055 0.119473 0.221517 
0.230712 0.114542 0.390766 -0.0991919 -0.331243 -0.372016 0.0704308 0.0640986 0.341125 0.462749 
0.213658 0.152132 -0.152072 -0.336623 0.192969 -0.175858 0.494555 0.0172266 0.0555103 -0.284192 
0.0514122 0.40229 0.0788441 -0.354024 0.163804 -0.39908 0.527541 0.0764187 0.0311037 -0.105561 
-0.269956 -0.0070124 -0.150391 -0.306283 -0.558856 -0.0676548 0.108933 0.347893 -0.0246451 0.355688 
0.38168 -0.452567 -0.339285 -0.0462655 0.0432647 -0.123928 0.0133687 -0.30272 0.224115 -0.0850454 
-0.247423 -0.174535 -0.203527 -0.489852 -0.586702 0.28231 0.506914 -0.030254 -0.162716 -0.147785 
0.138872 -0.394748 0.160994 0.359555 -0.0916289 0.19839 -0.317496 -0.230463 -0.11943 0.123223 
0.0862452 0.31266 -0.159337 -0.475889 -0.226856 -0.420798 0.326269 0.345826 0.0217139 -0.353967 
-0.248686 0.360556 -0.155391 -0.0616478 0.0446565 0.148374 -0.0982676 -0.36255 0.547136 -0.168129 
-0.178623 -0.156943 -0.0763144 -0.0111955 0.466714 0.373483 0.127158 -0.085338 0.0809596 -0.0558646 
-0.0812824 -0.161957 0.193718 -0.470568 0.273587 -0.286183 0.578461 -0.0226309 -0.251874 -0.0284031 
-0.186002 0.482434 0.30703 -0.243103 -0.330573 -0.0191681 0.338637 0.125369 -0.334304 0.213541 
0.0928641 -0.210428 -0.0541567 0.0650087 0.229246 -0.489705 -0.03278 0.036074 0.173104 -0.246755 
0.182283 0.193595 -0.237647 -0.177039 0.278496 -0.0150623 -0.353767 -0.499252 0.491821 -0.446487 
-0.448633 -0.31331 0.258411 -0.347986 0.145728 -0.0316913 -0.0813179 0.490575 0.440242 -0.0739121 
-0.0975138 0.0478199 0.234787 -0.0492167 0.35477 0.43624 -0.386113 -0.330088 0.112211 -0.119002 
0.0847874 -0.395104 -0.1886 -0.288352 0.274084 -0.430075 -0.248897 -0.125461 0.280509 -0.109211 
-0.0840079 0.0593485 0.2298 -0.445697 -0.363039 -0.17425 0.288461 0.173082 -0.273366 0.054158 
-0.252701 -0.281781 0.218852 -0.0522733 -0.152765 0.3572 0.379081 -0.0140349 -0.229764 -0.157167 
-0.27737 -0.0453531 0.449838 0.368353 0.0169678 -0.0885747 -0.362984 -0.458776 0.400978 -0.0468297 
0.0866373 0.110545 0.196659 -0.0962717 -0.0558724 -0.305876 -0.213809 -0.272084 -0.275225 -0.448381 
0.0105289 0.158383 -0.0961009 -0.0127648 0.445435 -0.0435785 -0.247294 0.308014 0.459222 -0.404929 
0.311474 -0.200265 0.140895 -0.455813 -0.0653553 0.0731353 -0.214296 -0.0706663 -0.19844 0.189043 
0.0272281 0.00163958 0.112458 -0.336028 0.0808564 0.0164665 -0.0611487 -0.435993 -0.00467107 0.435797 
-0.309578 -0.0136919 -0.142157 0.115398 -0.194258 0.0922868 0.0961548 -0.40887 0.224966 0.267711 
-0.236839 0.0840248 -0.494588 0.301076 -0.0778797 -0.00328026 -0.116334 0.00970518 0.607623 -0.219188 
0.102493 -0.046791 0.373665 -0.328444 -0.180661 -0.224065 0.0238323 0.365476 -0.127419 0.527034 
-0.141408 -0.194344 -0.072199 -0.0850298 -0.533648 0.00215017 0.0379487 -0.0164921 0.00437448 0.408082 
0.105364 -0.275847 -0.396241 -0.078588 -0.100438 -0.200957 0.166672 0.125429 0.347673 -0.302109 
-0.25365 -0.545059 0.443568 -0.332805 -0.266523 0.207268 -0.0447844 -0.116383 0.307164 -0.17856 
0.153765 0.126504 -0.267115 0.14721 -0.373775 -0.388669 0.426908 -0.1306 -0.0847171 0.173309 
0.116122 0.203992 -0.207578 0.195864 -0.360377 0.224326 0.0917347 -0.135848 0.102089 0.0402482 
-0.0921991 -0.0357808 -0.413714 -0.0942572 0.0662838 -0.391109 -0.126335 -0.394321 -0.0811106 0.230739 
0.38629 0.373684 -0.0297236 0.229797 -0.151354 -0.0125442 0.218617 0.360882 0.0246077 0.0815759 
-0.263703 0.166855 0.19497 0.255663 -0.683997 0.153476 0.358535 0.225634 -0.135668 0.396478 
-0.0938577 0.259812 -0.0422481 0.374532 0.215317 -0.065083 -0.305655 0.0742682 -0.00098876 0.247338 
-0.190099 -0.145042 -0.270258 0.14225 -0.0948701 -0.184003 0.282642 -0.338096 -0.0443797 0.0941082 
-0.429429 0.283853 0.475996 0.384323 -0.430401 0.099967 -0.255463 0.487944 -0.144118 -0.142425 
0.0979438 -0.230335 -0.486418 -0.290973 -0.0542598 0.296659 -0.303571 -0.457243 0.437682 0.140397 
-0.177657 0.299104 -0.376362 -0.432289 0.184192 -0.0794731 -0.130875 0.476408 0.417007 0.250241 
-0.230812 0.00293681 -0.202443 -0.0102071 -0.299747 0.234289 0.440125 0.419331 -0.270225 0.0458364 
0.328476 0.494833 -0.333145 -0.105161 -0.316929 0.0614859 0.185697 0.341108 -0.0358088 0.380872 
-0.485789 0.213743 0.479344 -0.208297 -0.490737 -0.374106 -0.0477945 -0.34638 0.309404 0.272171 
-0.325465 0.293397 0.378936 -0.118412 -0.405085 0.366086 -0.397368 -0.27004 0.20874 0.153488 
0.380459 -0.370482 -0.115998 -0.4149 -0.0469781 -0.123907 -0.351462 -0.430181 0.184342 0.327018 
0.179699 0.257183 0.346252 -0.420175 -0.308417 -0.357736 -0.367341 0.0720312 0.242114 0.468953 
-0.303186 -0.43117 -0.290931 0.0768257 0.38635 -0.158794 -0.481456 0.110951 0.103576 0.469225 
-0.184 -0.0959695 -0.218187 0.00596099 0.439425 -0.300098 0.0682005 0.392231 0.00779822 -0.455608 
-0.141328 0.472412 -0.0783995 -0.253918 -0.348207 -0.0954945 -0.379587 -0.486658 -0.0438313 -0.304795 
0.386418 -0.434585 0.230458 -0.155211 0.306386 -0.39797 0.179181 -0.0697674 0.101269 -0.370215 
-0.274946 0.346095 -0.393032 0.319275 0.0886881 -0.155063 -0.304134 -0.234828 0.322876 -0.316468 
0.0797704 -0.248557 -0.416834 -0.371139 -0.127213 -0.425695 -0.334915 -0.0329581 -0.0968705 0.435191 
-0.138791 0.36622 0.363695 -0.459792 0.0104578 0.113336 -0.262747 0.408966 0.581497 -0.123887 
0.294798 0.123739 -0.47316 0.488299 -0.209433 0.172474 -0.270713 0.450828 -0.287941 0.192473 
-0.0740644 -0.416628 0.167212 0.162674 -0.430946 -0.173162 0.0610676 0.23712 -0.342027 -0.13697 
0.264563 -0.113612 0.10934 -0.0355226 -0.383651 -0.0729268 0.01756 0.10045 0.456247 -0.103549 
0.296004 0.0167963 -0.494607 0.495491 -0.0154854 -0.106565 -0.0316711 0.403944 0.298953 0.30495 
0.142051 0.170729 0.362053 -0.141694 -0.485221 -0.111942 0.134631 0.0422288 -0.022908 0.117721 
0.438537 -0.108703 0.170365 0.0141246 0.367908 -0.295316 0.372726 -0.502356 -0.439132 0.358091 
-0.0376617 0.346618 0.332838 -0.311565 -0.259815 -0.364455 -0.323546 0.0634139 -0.0919846 0.489423 
0.133279 -0.472226 -0.0341215 -0.444302 -0.105488 -0.146016 0.616602 0.148733 0.140072 0.511981 
-0.259276 -0.358437 0.205787 0.334707 0.237898 -0.156883 -0.139573 -0.500774 0.0708344 0.0921653 
0.11991 -0.0274068 0.0713823 0.0492758 0.314855 0.00547386 -0.3146 0.434546 -0.512576 -0.238933 
0.0677624 -0.190308 -0.0848337 -0.216576 0.158016 -0.0397076 -0.17179 0.166471 -0.270711 0.419223 
0.249959 -0.325539 -0.0767116 0.435206 -0.200679 0.351275 -0.0438669 -0.412281 -0.599703 -0.0119185 
0.253688 -0.233508 -0.00879456 -0.318391 -0.00193221 -0.378635 0.161914 0.153808 -0.0127988 -0.337065 
0.17053 -0.26997 0.328503 -0.406303 -0.440768 0.159375 -0.0351391 -0.12358 -0.341611 0.476105 
-0.361573 0.0871257 -0.0947233 -0.00973288 -0.346054 -0.459232 -0.345246 0.283474 -0.406947 0.0143094 
-0.206641 0.0136933 0.305191 -0.298362 -0.496806 -0.162119 0.332297 0.0317069 0.0602595 -0.155097 
-0.167368 -0.252446 0.180071 -0.0784435 -0.488692 -0.0710518 -0.371817 -0.204882 0.198806 0.441926 
0.276804 0.271485 0.0786753 -0.0579882 -0.0778628 -0.148093 0.0230446 0.329594 -0.388759 -0.276651 
-0.00637547 0.110595 -0.0473822 -0.0809425 0.482471 0.149839 -0.008656 0.473898 0.0595827 -0.00680395 
-0.0143939 0.315725 -0.313781 0.0800046 -0.173895 0.19247 -0.468783 0.249992 -0.0705795 -0.121428 
-0.029411 -0.38515 -0.0582637 -0.0895789 -0.442044 0.056916 0.27125 -0.237625 -0.129215 -0.19444 
-0.315936 -0.11448 0.132843 -0.139188 -0.10264 0.34782 0.0366366 0.38054 0.0929729 0.294745 
0.421813 -0.378523 0.166514 -0.242163 -0.15379 -0.225382 -0.0813685 -0.19202 -0.279206 -0.29224 
-0.390626 0.438781 0.0982119 -0.14226 -0.467778 -0.496921 0.46587 -0.140401 -0.476684 -0.123409 
0.0691282 -0.356509 -0.332671 -0.146248 0.358953 -0.428364 0.304141 -0.475696 -0.291887 -0.113412 
0.448786 0.474665 0.0466403 0.170061 -0.493595 -0.338631 0.476117 -0.370189 0.225521 -0.0943329 
-0.0404745 -0.407098 0.344163 0.297338 -0.425027 0.430306 -0.356146 -0.451319 -0.497099 0.0403856 
0.249016 -0.492689 0.332312 0.281332 -0.219773 -0.0895586 -0.291229 -0.321327 -0.108963 0.421429 
0.366384 0.486073 0.409755 -0.0754309 -0.0943145 0.322796 -0.208295 -0.302002 0.446221 0.424003 
0.252139 -0.0619704 0.172621 -0.23584 0.184685 0.0448894 -0.279667 -0.0665726 -0.0313384 -0.249656 
-0.263577 -0.138814 0.288681 -0.347301 -0.506613 0.222725 0.137678 -0.0976331 0.158576 -0.319544 
0.0965813 0.305529 0.39436 -0.47647 0.404383 0.0659969 -0.00304523 -0.26194 -0.327716 0.412236 
0.358231 0.0736821 0.192582 -0.439455 -0.27285 0.0707018 -0.0871438 -0.480477 0.181319 0.0812318 
-0.0771057 -0.305332 0.312228 0.263375 -0.122512 -0.121615 -0.0211603 0.161342 0.02074 -0.160299 
0.520308 -0.149893 0.25105 -0.220295 -0.430014 0.288192 0.392929 -0.0493771 -0.012435 -0.133032 
0.0366965 -0.427329 0.200827 -0.39022 -0.133222 0.250217 -0.0577407 -0.435243 -0.214843 -0.149622 
0.173945 0.30363 -0.00338406 -0.0983158 0.234382 0.431622 -0.187649 -0.153016 0.121178 -0.0182001 
-0.0632273 -0.319666 -0.429279 0.0742891 0.177216 -0.343395 -0.260492 -0.418221 -0.266572 -0.212427 
0.300049 0.164128 0.404008 -0.41278 -0.0741646 -0.234231 0.342195 0.206077 0.334541 -0.178737 
0.0795401 -0.0826011 -0.270606 0.216773 -0.0430314 0.0969123 0.0889287 0.0631831 -0.195102 0.36692 
0.053078 0.232135 -0.0947124 -0.0609644 -0.247158 0.0187065 -0.00291846 0.124896 0.355237 -0.137405 
-0.184428 -0.392722 0.143049 -0.215497 -0.0385733 -0.458527 0.301583 -0.344323 0.0420905 -0.0925084 
-0.124791 0.307527 0.25721 -0.0828726 -0.368927 0.344787 0.374758 0.188444 -0.312883 0.160875 
0.18502 -0.406575 -0.249008 -0.140454 0.227928 0.123753 0.333479 -0.274948 0.243793 -0.061935 
0.221786 0.060052 0.0863569 0.498886 0.303529 0.0210586 0.284781 -0.373691 0.186817 -0.00268936 
0.222183 0.204463 0.0171713 -0.284516 -0.205011 0.0519769 -0.057072 0.449566 0.0143141 -0.0382566 
0.276097 -0.240369 -0.333416 -0.1156 0.0943177 0.294571 0.0175569 0.313696 -0.115842 0.164994 
-0.441049 -0.149991 -0.412714 0.181125 0.131464 -0.293146 0.267745 0.196117 -0.0734878 -0.363141 
0.262248 0.230807 -0.113015 -0.19463 -0.0693589 -0.360274 -0.119706 -0.432409 -0.390026 -0.425365 
0.24353 -0.0765692 -0.252853 -0.212187 -0.0730934 0.209126 0.0661972 -0.0187817 0.318213 0.13247 
-0.222409 -0.402156 0.394631 -0.0766645 -0.400857 -0.460988 -0.141978 0.494142 -0.13788 0.354302 
-0.154781 0.000537379 0.482462 0.347914 0.0243677 0.392513 -0.0951306 0.119313 -0.382199 0.434625 
0.131686 -0.465466 0.0821949 0.37258 0.244684 -0.0628301 0.295517 0.106613 -0.229898 -0.440799 
-0.464777 0.00538974 0.106264 -0.248413 0.00542055 0.0307721 0.309354 0.367888 0.350266 0.419334 
0.151247 0.0105917 0.317801 -0.271667 -0.263393 -0.111921 -0.223676 0.376238 -0.231053 -0.367861 
-0.275208 0.024991 -0.212481 -0.185204 -0.184504 -0.4266 -0.0743381 0.263478 0.32916 -0.0377692 
0.16707 0.428732 -0.347191 -0.330906 -0.0484261 0.0732791 0.296305 0.367476 -0.46404 0.250439 
-0.454374 0.41099 -0.0379486 0.475504 -0.194929 0.331497 -0.0702354 0.259483 0.379019 -0.365884 
0.211835 -0.118869 -0.0274418 -0.323366 0.371131 0.382833 -0.0483881 0.434233 0.182011 0.0411373 
0.256755 -0.46467 -0.152687 -0.197441 -0.118445 -0.397598 -0.374219 0.129745 -0.355763 0.354526 
0.139903 -0.167095 0.478085 -0.031525 0.101036 0.239698 0.375015 -0.456444 0.464885 -0.43241 
-0.0309435 -0.170441 0.14572 0.241705 0.129727 -0.463365 -0.0896062 -0.468877 0.378901 0.191233 
0.00563071 -0.293867 0.355638 -0.131916 -0.125334 -0.201877 0.192654 -0.334422 0.110645 -0.355694 
0.459169 -0.3707 -0.102188 -0.173683 -0.234099 -0.137166 -0.0576516 -0.18996 -0.0800466 0.213204 
0.209462 -0.366709 -0.155059 0.227698 0.364795 -0.150836 0.169354 -0.483674 -0.175106 0.00605737 
0.389373 0.142168 -0.100777 0.0938919 0.296407 -0.38558 -0.210653 0.105928 0.462817 -0.0375 
-0.106846 -0.130435 -0.0726321 0.00454041 -0.493589 0.0443951 0.197551 -0.0135803 0.214258 0.473064 
0.0958057 -0.085899 -0.296622 -0.230575 0.407228 -0.388577 -0.505011 -0.472559 -0.0586074 -0.126578 
0.404464 -0.0146995 -0.28419 -0.245576 -0.47944 0.0600084 -0.0541121 -0.225519 0.235155 -0.241835 
0.481037 0.127158 0.0722007 -0.0664609 0.185441 -0.195938 0.0273193 -0.378298 -0.467129 -0.310441 
0.471604 -0.0205037 0.11376 -0.0366774 0.221612 -0.472827 0.382375 -0.0116823 0.289346 0.252232 
0.0670346 0.447874 0.335371 0.261297 0.454123 0.412115 -0.0307885 0.44664 0.114307 0.185654 
-0.107214 -0.464219 0.180584 0.36113 -0.393062 0.309275 0.249519 -0.257239 -0.438748 -0.220418 
-0.364372 -0.119161 0.44172 0.0234664 -0.366435 -0.100108 -0.0665851 -0.0887785 -0.118989 0.398893 
-0.415066 0.0153498 0.459358 -0.408071 0.464215 0.00470593 -0.151733 0.206109 0.337494 0.103473 
0.177541 0.152502 0.263854 0.281288 0.0388335 0.270745 0.327597 -0.387738 -0.435928 -0.0138862 
-0.20007 -0.124064 0.10688 -0.39603 -0.475831 0.483279 0.14994 0.263893 -0.260352 -0.31362 
-0.0296388 -0.154694 0.179013 -0.0136507 -0.480906 -0.360828 0.364342 -0.0222833 -0.379217 0.317693 
-0.341539 0.164999 -0.0606356 0.134025 0.10626 -0.0742303 -0.00919671 -0.263313 0.436905 -0.436384 
0.48069 -0.203216 0.257202 -0.302887 -0.193572 0.492554 -0.11864 0.140814 0.29251 -0.119499 
-0.228222 -0.413835 0.2992 -0.284088 0.269199 -0.0994069 -0.0928048 -0.0087515 -0.225372 -0.406442 
-0.452003 -0.275194 -0.446851 0.268491 0.402486 -0.306193 -0.0610325 -0.181049 -0.411002 0.442987 
-0.114726 0.182001 -0.116787 -0.251955 -0.387333 0.245511 0.161676 -0.208825 -0.320374 0.126033 
-0.189544 -0.483025 0.336496 0.12146 0.390249 -0.421629 -0.141822 0.331367 0.210887 0.47226 
0.114478 -0.269055 0.105922 -0.343653 0.294784 0.441283 0.482636 -0.162967 0.171558 0.144104 
0.147725 0.00248839 -0.39673 -0.23981 0.261549 -0.49466 -0.352256 -0.289026 0.439701 0.262041 
0.126696 -0.00316235 0.0261363 -0.22872 0.426851 0.043239 -0.132315 -0.294341 0.479691 0.226868 
-0.0761918 0.0672965 -0.495509 -0.366211 -0.127612 0.0741412 -0.184034 -0.17596 -0.0384099 -0.479732 
-0.168751 0.205259 -0.243322 0.446852 0.303625 -0.331887 -0.403849 0.0263433 0.319498 0.364583 
-0.337767 0.466148 -0.493879 -0.109759 -0.142753 -0.0391463 -0.33138 -0.117652 0.0339875 -0.487233 
0.220042 0.236955 0.100384 0.429056 0.488896 0.398656 0.165341 -0.148933 0.422329 0.423264 
-0.295696 -0.498629 0.176272 0.427912 0.175308 0.333833 -0.000859797 0.366933 0.0219102 -0.453587 
0.0092174 -0.270891 0.0714549 -0.256472 -0.37404 0.508559 0.237787 -0.436233 0.289014 0.287768 
-0.270661 0.183115 0.269972 -0.014059 0.255755 0.459953 0.187976 0.451812 -0.32582 0.0788984 
-0.444344 0.265749 -0.276539 0.319537 -0.0647505 -0.372914 -0.215155 -0.37296 -0.319423 -0.232384 
-0.0287648 0.424243 -0.342365 -0.252943 0.227305 0.338178 0.103232 -0.201619 -0.0844471 -0.208921 
0.341227 -0.17418 0.306106 0.384888 -0.0426275 -0.435859 0.138424 -0.327322 0.453161 -0.153461 
0.153016 0.26043 -0.29941 0.103137 0.374233 0.483257 0.207699 0.483776 -0.164922 -0.498295 
0.160406 -0.349328 -0.377846 -0.0564833 -0.363926 -0.288478 0.339468 -0.336789 0.433607 -0.362306 
-0.483565 0.421051 -0.199381 -0.293792 0.0395112 0.0827697 -0.427774 -0.228858 -0.0516155 -0.471251 
0.238128 -0.442393 0.454875 0.143904 -0.0026871 0.181139 -0.129485 0.464512 -0.209206 -0.0455365 
-0.354986 -0.274246 0.0290067 0.0624 -0.142723 -0.367572 0.206739 0.188252 0.233082 0.159295 
-0.0349312 0.271426 -0.0462752 0.0415938 -0.48644 0.263658 0.211739 0.229865 0.347902 0.00617343 
0.154075 -0.0424561 0.114162 0.485829 -0.417593 0.420235 -0.025506 0.0891842 -0.0698767 -0.48032 
-0.433247 0.418947 0.179213 -0.187777 0.27627 0.170538 -0.251314 -0.083991 0.318342 -0.329817 
/biases1-1.85579 0.311543 0.129363 -0.834769 0.136559 0.893978 -0.700417 -0.130866 1.06541 0.575924 
/weights10.157695 -0.865105 0.738398 0.425993 -0.612539 -0.597983 -1.23259 1.23455 -0.187226 0.612065 
-0.198242 0.228064 0.502521 -0.212419 0.0739338 0.164142 0.276991 -0.0182636 0.203747 -0.194427 
0.0493559 0.126482 0.513039 0.403698 0.206529 -0.29158 0.538632 0.438335 -0.162291 0.24914 
0.344215 -0.21271 -0.233047 0.20598 -0.246868 0.045999 -0.379426 0.223073 -0.0504887 -0.353159 
-0.37541 -0.0669207 1.21683 0.168018 -0.166539 0.0942786 0.528863 -0.158568 -0.0881356 -0.0468947 
-1.51419 -0.587362 1.10514 -0.00915701 0.518326 0.790821 -0.274077 1.23034 -0.116537 -0.490193 
0.28152 -1.1557 0.594163 0.0237118 -0.399533 0.690897 0.113442 -0.570453 0.199514 -0.835194 
0.502665 0.326965 0.26956 -0.0338304 0.071127 0.0868855 -0.323138 0.480907 0.161632 0.300326 
-1.96804 0.285121 1.09257 0.744418 -0.359866 0.632126 -1.34449 1.35394 -0.041724 -0.582425 
-1.2945 -0.141937 -0.354776 -0.168591 -0.311939 1.23682 -0.506632 0.460119 -0.240302 -0.922766 
/